
Gurobi 12.0.0 (win64) logging started Tue Aug 12 22:14:11 2025

Set parameter LogFile to value "results\sol\OptMultiple_False_0\log_NIA_6_1,1,1.txt"
Set parameter TimeLimit to value 18000
Set parameter MIPFocus to value 0
Set parameter NodefileStart to value 0.5
Gurobi Optimizer version 12.0.0 build v12.0.0rc1 (win64 - Windows 11.0 (26100.2))

CPU model: 12th Gen Intel(R) Core(TM) i5-12450H, instruction set [SSE2|AVX|AVX2]
Thread count: 8 physical cores, 12 logical processors, using up to 12 threads

Non-default parameters:
TimeLimit  18000
NodefileStart  0.5
Threads  12

Academic license 2625989 - for non-commercial use only - registered to aa___@up.edu.ph
Optimize a model with 72171 rows, 76463 columns and 293450 nonzeros
Model fingerprint: 0xf58f9d15
Model has 319 simple general constraints
  319 PWL
Variable types: 638 continuous, 75825 integer (75825 binary)
Coefficient statistics:
  Matrix range     [1e+00, 2e+03]
  Objective range  [3e-03, 3e-03]
  Bounds range     [1e+00, 1e+02]
  RHS range        [1e+00, 4e+00]
  PWLCon x range   [4e+02, 2e+03]
  PWLCon y range   [0e+00, 1e+02]
Presolve removed 9 rows and 720 columns
Presolve time: 2.19s
Presolved: 72162 rows, 75743 columns, 289662 nonzeros
Variable types: 1595 continuous, 74148 integer (74148 binary)
Found heuristic solution: objective 53.1430873
Deterministic concurrent LP optimizer: primal and dual simplex
Showing primal log only...

Concurrent spin time: 0.02s

Solved with dual simplex
Extra simplex iterations after uncrush: 12

Root relaxation: objective 9.857391e+01, 12163 iterations, 2.07 seconds (1.20 work units)
Total elapsed time = 5.02s (DegenMoves)

    Nodes    |    Current Node    |     Objective Bounds      |     Work
 Expl Unexpl |  Obj  Depth IntInf | Incumbent    BestBd   Gap | It/Node Time

     0     0   98.57391    0  957   53.14309   98.57391  85.5%     -    5s
     0     0   96.40601    0  885   53.14309   96.40601  81.4%     -    6s
H    0     0                      78.9094839   96.40601  22.2%     -    6s
H    0     0                      79.2278261   96.40601  21.7%     -    7s
     0     0   89.38306    0 2684   79.22783   89.38306  12.8%     -   14s
H    0     0                      79.3053775   87.82306  10.7%     -   34s
H    0     0                      79.3196152   87.82306  10.7%     -   34s
     0     0   87.82306    0 2583   79.31962   87.82306  10.7%     -   38s
     0     0   87.80216    0 2591   79.31962   87.80216  10.7%     -   42s
     0     0   87.80212    0 2588   79.31962   87.80212  10.7%     -   45s
     0     0   87.40721    0 2686   79.31962   87.40721  10.2%     -   72s
     0     0   87.10801    0 3480   79.31962   87.10801  9.82%     -   88s
     0     0   87.05063    0 3613   79.31962   87.05063  9.75%     -   96s
     0     0   87.04271    0 3636   79.31962   87.04271  9.74%     -  102s
     0     0   87.04230    0 3689   79.31962   87.04230  9.74%     -  107s
     0     0   86.71753    0 4164   79.31962   86.71753  9.33%     -  138s
     0     0   86.47984    0 4879   79.31962   86.47984  9.03%     -  164s
     0     0   86.45740    0 4821   79.31962   86.45740  9.00%     -  172s
     0     0   86.44019    0 4884   79.31962   86.44019  8.98%     -  181s
     0     0   86.43920    0 4840   79.31962   86.43920  8.98%     -  189s
     0     0   86.24711    0 4965   79.31962   86.24711  8.73%     -  229s
     0     0   86.12390    0 5056   79.31962   86.12390  8.58%     -  323s
     0     0   86.10354    0 5385   79.31962   86.10354  8.55%     -  333s
     0     0   86.09756    0 5431   79.31962   86.09756  8.55%     -  352s
     0     0   86.09719    0 5400   79.31962   86.09719  8.54%     -  354s
     0     0   85.89868    0 5696   79.31962   85.89868  8.29%     -  501s
     0     0   85.85818    0 5504   79.31962   85.85818  8.24%     -  523s
     0     0   85.85482    0 5937   79.31962   85.85482  8.24%     -  533s
     0     0   85.85417    0 5936   79.31962   85.85417  8.24%     -  536s
     0     0   85.74578    0 6309   79.31962   85.74578  8.10%     -  623s
     0     0   85.71554    0 6404   79.31962   85.71554  8.06%     -  637s
     0     0   85.71164    0 6556   79.31962   85.71164  8.06%     -  641s
     0     0   85.71119    0 6642   79.31962   85.71119  8.06%     -  643s
     0     0   85.62588    0 6268   79.31962   85.62588  7.95%     -  704s
     0     0   85.61011    0 6299   79.31962   85.61011  7.93%     -  732s
     0     0   85.60457    0 6258   79.31962   85.60457  7.92%     -  734s
     0     0   85.60369    0 6735   79.31962   85.60369  7.92%     -  772s
     0     0   85.55391    0 6501   79.31962   85.55391  7.86%     -  809s
     0     0   85.54544    0 6673   79.31962   85.54544  7.85%     -  816s
     0     0   85.54418    0 6710   79.31962   85.54418  7.85%     -  818s
     0     0   85.50489    0 6643   79.31962   85.50489  7.80%     -  843s
     0     0   85.49303    0 6996   79.31962   85.49303  7.78%     -  849s
     0     0   85.49244    0 7078   79.31962   85.49244  7.78%     -  851s
     0     0   85.47652    0 6703   79.31962   85.47652  7.76%     -  866s
     0     0   85.47331    0 7076   79.31962   85.47331  7.76%     -  870s
     0     0   85.45942    0 7199   79.31962   85.45942  7.74%     -  900s
     0     0   85.45896    0 7199   79.31962   85.45896  7.74%     -  909s
     0     2   85.45888    0 7199   79.31962   85.45888  7.74%     -  977s
     1     4   85.45438    1 6849   79.31962   85.45888  7.74%   931  999s
     3     8   85.43797    2 6539   79.31962   85.45424  7.73%  2933 1023s
     7    14   85.42678    3 6437   79.31962   85.43797  7.71%  3474 1052s
    15    24   85.37005    4 6936   79.31962   85.42652  7.70%  2954 1080s
    27    55   85.31687    5 6681   79.31962   85.36962  7.63%  2445 1108s
    62    83   85.26498    6 6586   79.31962   85.31634  7.56%  1288 1122s
   102   123   85.26106    7 6605   79.31962   85.31634  7.56%   958 1128s
   146   164   85.25587    8 6436   79.31962   85.31634  7.56%   737 1133s
   189   199   85.24302    9 6522   79.31962   85.31634  7.56%   597 1141s
   228   240   85.22322   10 6455   79.31962   85.31634  7.56%   533 1145s
   269   275   85.18586   11 6418   79.31962   85.31634  7.56%   471 1160s
   309   310   85.16865   12 6347   79.31962   85.31634  7.56%   428 1170s
   352   345   85.16735   13 6269   79.31962   85.26496  7.50%   410 1180s
   389   388   84.84598   13 2713   79.31962   85.26496  7.50%   418 1189s
   432   401   85.13575   14 6272   79.31962   85.26496  7.50%   410 1193s
   445   431   85.10200   15 6270   79.31962   85.26496  7.50%   409 1204s
   475   468   85.06569   16 6289   79.31962   85.26496  7.50%   404 1211s
   512   521   84.97432   17 5816   79.31962   85.26496  7.50%   402 1221s
   565   576   84.62027   17 3823   79.31962   85.26496  7.50%   392 1229s
   624   642   84.96918   18 5465   79.31962   85.26496  7.50%   380 1239s
   692   706   84.91385   19 5718   79.31962   85.26496  7.50%   361 1246s
   760   779   84.89173   20 5713   79.31962   85.26496  7.50%   355 1253s
   833   862   84.87100   21 5794   79.31962   85.26496  7.50%   345 1260s
   918   955   84.85164   22 5686   79.31962   85.26496  7.50%   324 1266s
  1015  1047   84.81436   23 5929   79.31962   85.26496  7.50%   307 1278s
  1113  1154   84.79707   24 5644   79.31962   85.26496  7.50%   288 1287s
  1227  1166   84.75794   25 5638   79.31962   85.26496  7.50%   268 1297s
  1239  1178   84.74542   26 5585   79.31962   85.26496  7.50%   268 1308s
  1251  1190   84.74503   27 5504   79.31962   85.26496  7.50%   268 1316s
  1263  1225   84.73409   28 4936   79.31962   85.26496  7.50%   271 1326s
  1299  1288   84.70033   29 5145   79.31962   85.26496  7.50%   269 1333s
Created node file directory './grbnodes3'
  1366  1424   84.66866   30 4787   79.31962   85.26496  7.50%   261 1343s
  1511  1558   84.63530   31 4869   79.31962   85.26496  7.50%   243 1363s
  1664  1630   84.59511   32 5239   79.31962   85.26496  7.50%   233 1382s
  1765  1741   84.57836   33 4939   79.31962   85.26496  7.50%   240 1398s
  1876  1855   84.14557   33 2684   79.31962   85.26496  7.50%   239 1416s
  2005  1970   84.55688   34 5180   79.31962   85.26496  7.50%   233 1432s
  2145  2082   84.07650   34 3612   79.31962   85.26496  7.50%   228 1447s
  2267  2147   84.53677   35 5176   79.31962   85.26496  7.50%   223 1470s
  2332  2354   84.53138   36 4924   79.31962   85.26496  7.50%   223 1489s
  2539  2697   84.52415   37 4753   79.31962   85.26496  7.50%   211 1502s
  2886  3066   84.23864   37 2960   79.31962   85.26496  7.50%   191 1519s
  3268  3391   84.51448   38 4701   79.31962   85.26496  7.50%   175 1536s
  3619  3682   84.40819   38 2856   79.31962   85.26496  7.50%   165 1559s
  3947  3683   84.79222   25 7199   79.31962   85.26496  7.50%   160 1674s
  3949  3684   83.40330   56 1322   79.31962   85.26496  7.50%   160 1705s
  3950  3685   80.16260  189 2260   79.31962   84.66130  6.73%   160 1893s
  3951  3686   84.30302   19 3069   79.31962   84.30302  6.28%   160 1956s
  3952  3686   83.47568   25 3641   79.31962   83.84593  5.71%   160 1987s
  3953  3687   79.94501  371 4076   79.31962   83.60013  5.40%   160 2004s
  3954  3688   79.54899  345 4123   79.31962   83.54888  5.33%   160 2015s
  3955  3688   83.48487   22 4056   79.31962   83.48487  5.25%   160 2022s
  3956  3689   83.48000   11 4078   79.31962   83.48000  5.25%   160 2035s
  3957  3690   83.47914   30 4082   79.31962   83.47914  5.24%   159 2151s
  3958  3690   83.09005   44 4084   79.31962   83.09005  4.75%   159 2261s
  3959  3691   82.87128   31 4356   79.31962   82.87128  4.48%   159 2285s
  3960  3692   82.79151   28 4324   79.31962   82.79151  4.38%   159 2296s
  3961  3692   82.77773   57 4513   79.31962   82.77773  4.36%   159 2301s
  3963  3694   82.77003   15 4542   79.31962   82.77003  4.35%   159 2305s
  3965  3695   82.49210   22 4050   79.31962   82.49210  4.00%   159 2347s
  3966  3696   82.45002   15 4058   79.31962   82.45002  3.95%   159 2356s
  3967  3696   82.44103   26 4484   79.31962   82.44103  3.94%   159 2368s
  3968  3697   82.43798   25 4493   79.31962   82.43798  3.93%   159 2370s
  3970  3698   82.43555   52 4450   79.31962   82.43555  3.93%   159 2375s
  3971  3699   80.01479  199 4811   79.31962   82.29657  3.75%   159 2429s
  3972  3700   82.24542   46 4775   79.31962   82.24542  3.69%   159 2450s
  3975  3702   82.22876    9 4707   79.31962   82.22876  3.67%   159 2457s
  3976  3702   79.80648  316 4912   79.31962   82.11755  3.53%   159 2478s
  3977  3703   82.09009   49 4989   79.31962   82.09009  3.49%   159 2483s
  3979  3704   82.08134   25 4994   79.31962   82.08134  3.48%   159 2485s
  3981  3706   82.02022   55 4858   79.31962   82.02022  3.40%   159 2509s
  3982  3706   82.00907   12 5105   79.31962   82.00907  3.39%   158 2517s
  3985  3708   79.66103  236 5396   79.31962   82.00395  3.38%   158 2523s
  3986  3709   81.97281   16 5370   79.31962   81.97281  3.34%   158 2534s
  3987  3710   81.96749   33 5097   79.31962   81.96749  3.34%   158 2535s
  3989  3711   81.96487   21 5099   79.31962   81.96487  3.33%   158 2540s
  3990  3712   81.91579   34 5287   79.31962   81.91579  3.27%   158 2548s
  3991  3712   80.03615  305 5292   79.31962   81.90573  3.26%   158 2551s
  3993  3714   81.90289   10 5313   79.31962   81.90289  3.26%   158 2556s
  3994  3714   81.87967   71 5058   79.31962   81.87967  3.23%   158 2563s
  3995  3715   81.87045   54 4872   79.31962   81.87045  3.22%   158 2565s
  3997  3716   81.85985   15 5303   79.31962   81.85985  3.20%   158 2575s
  3999  3718   80.44793  162 5299   79.31962   81.85480  3.20%   158 2581s
  4000  3718   81.84026   22 5152   79.31962   81.84026  3.18%   158 2594s
  4001  3719   79.85724  317 5155   79.31962   81.83742  3.17%   158 2596s
  4002  3720   79.40864  178 5156   79.31962   81.83653  3.17%   158 2600s
  4003  3720   81.78034   23 5006   79.31962   81.78034  3.10%   158 2617s
  4004  3721   81.77387   54 5218   79.31962   81.77387  3.09%   158 2630s
  4006  3722   81.76879    7 5626   79.31962   81.76879  3.09%   158 2646s
  4007  3723   79.64664  242 5394   79.31962   81.76726  3.09%   157 2658s
  4008  3724   79.80846  322 5446   79.31962   81.76675  3.09%   157 2663s
  4009  3724   81.75707   17 5325   79.31962   81.75707  3.07%   157 2670s
  4011  3726   81.75564   25 5332   79.31962   81.75564  3.07%   157 2675s
  4012  3726   81.75163    8 5561   79.31962   81.75163  3.07%   157 2715s
  4013  3727   81.75094   51 5472   79.31962   81.75094  3.07%   157 2751s
  4014  3728   79.81120  214 5121   79.31962   81.71307  3.02%   157 2807s
  4016  3729   81.70807   69 5362   79.31962   81.70807  3.01%   157 2810s
  4018  3730   79.73764  376 5368   79.31962   81.70620  3.01%   157 2842s
  4019  3731   81.67152   22 4987   79.31962   81.67152  2.97%   157 2850s
  4022  3733   81.66170   10 5303   79.31962   81.66170  2.95%   157 2866s
  4025  3735   80.22350  354 5243   79.31962   81.65844  2.95%   157 2870s
  4026  3736   79.86109  314 5227   79.31962   81.65614  2.95%   157 2876s
  4027  3736   81.65581   29 5228   79.31962   81.65581  2.95%   157 2880s
  4029  3738   79.59655  311 5239   79.31962   81.65390  2.94%   157 2889s
  4030  3738   81.64808   53 5203   79.31962   81.64808  2.94%   157 2896s
  4035  3743   81.64808   23 1151   79.31962   81.64808  2.94%   191 2919s
  4036  3744   81.62483   35 2200   79.31962   81.62483  2.91%   191 2978s
  4037  3745   81.62477   22 2483   79.31962   81.62477  2.91%   191 3000s
  4038  3745   81.62477   53 3492   79.31962   81.62477  2.91%   191 3021s
  4039  3746   81.62477   51 4133   79.31962   81.62477  2.91%   191 3034s
  4040  3747   79.80679  324 4752   79.31962   81.62477  2.91%   191 3047s
  4041  3747   80.06781  355 4356   79.31962   81.61772  2.90%   191 3054s
  4042  3748   81.61499   41 4569   79.31962   81.61499  2.89%   191 3060s
  4043  3749   81.58823   17 4574   79.31962   81.58823  2.86%   191 3181s
  4044  3749   81.56527   36 4362   79.31962   81.56527  2.83%   191 3254s
  4045  3750   81.55612   15 4994   79.31962   81.55612  2.82%   191 3271s
  4047  3751   81.55248   25 4790   79.31962   81.55248  2.82%   191 3277s
  4048  3752   80.23569  182 4983   79.31962   81.52453  2.78%   190 3304s
  4049  3753   81.52115   56 5027   79.31962   81.52115  2.78%   190 3308s
  4050  3753   80.16260  189 5029   79.31962   81.52041  2.77%   190 3316s
  4051  3754   81.50755   19 5026   79.31962   81.50755  2.76%   190 3331s
  4052  3755   81.50634   25 5032   79.31962   81.50634  2.76%   190 3335s
  4053  3755   79.94501  371 5116   79.31962   81.50604  2.76%   190 3342s
  4054  3756   79.54899  345 5283   79.31962   81.50072  2.75%   190 3412s
  4055  3757   81.49970   22 5286   79.31962   81.49970  2.75%   190 3415s
  4057  3758   81.49830   30 5289   79.31962   81.49830  2.75%   190 3424s
  4058  3759   81.49423   44 5399   79.31962   81.49423  2.74%   190 3509s
  4059  3759   81.49344   31 5393   79.31962   81.49344  2.74%   190 3516s
  4060  3760   81.48901   28 5394   79.31962   81.48901  2.74%   190 3530s
  4061  3761   81.48884   57 5400   79.31962   81.48884  2.73%   190 3537s
  4062  3761   79.89559  297 5404   79.31962   81.48760  2.73%   190 3568s
  4063  3762   81.48746   15 5406   79.31962   81.48746  2.73%   190 3572s
  4064  3763   81.48249   29 5402   79.31962   81.48249  2.73%   190 3591s
  4067  3765   81.47946   26 5394   79.31962   81.47946  2.72%   190 3597s
  4068  3765   81.46983   25 5132   79.31962   81.46983  2.71%   190 3602s
  4070  3767   81.46570   52 5133   79.31962   81.46570  2.71%   189 3607s
  4071  3767   80.01479  199 5303   79.31962   81.46324  2.70%   189 3613s
  4073  3769   79.91394  335 5130   79.31962   81.46177  2.70%   189 3618s
  4074  3769   79.75504  324 5250   79.31962   81.45912  2.70%   189 3653s
  4075  3770   81.45901    9 5335   79.31962   81.45901  2.70%   189 3658s
  4076  3771   79.80648  316 5509   79.31962   81.45788  2.70%   189 3666s
  4077  3771   81.45774   49 5230   79.31962   81.45774  2.70%   189 3670s
  4078  3772   81.45732   61 5225   79.31962   81.45732  2.70%   189 3676s
  4079  3773   81.45709   25 5511   79.31962   81.45709  2.69%   189 3680s
  4080  3773   81.45648   19 5316   79.31962   81.45648  2.69%   189 3714s
  4081  3774   81.45648   55 5316   79.31962   81.45648  2.69%   189 3773s
  4082  3775   81.45648   12 5316   79.31962   81.45648  2.69%   189 3816s
  4083  3778   81.44461   19 5277   79.31962   81.45648  2.69%   206 3867s
  4085  3781   81.44196   20 5235   79.31962   81.44456  2.68%   207 3891s
  4089  3783   81.43640   21 5298   79.31962   81.44196  2.68%   209 3924s
  4096  3789   81.39441   22 4953   79.31962   81.43370  2.67%   211 3940s
  4107  3824   81.37720   23 4735   79.31962   81.39339  2.61%   212 4000s
  4154  3846   81.34319   25 4421   79.31962   81.37368  2.59%   218 4008s
  4204  3857   80.90173   25 3161   79.31962   81.34319  2.55%   221 4026s
  4248  3880   81.32739   26 4312   79.31962   81.34170  2.55%   223 4032s
  4292  3900   79.97863   26 2828   79.31962   81.32736  2.53%   227 4047s
  4334  3903   81.29101   27 4295   79.31962   81.32598  2.53%   230 4109s
  4358  3933   81.04326   27 4218   79.31962   81.29079  2.49%   232 4119s
  4408  3939   81.27290   28 4322   79.31962   81.29079  2.49%   231 4122s
  4445  3953   80.22428   28 3162   79.31962   81.27284  2.46%   231 4134s
  4484  3961   81.23243   29 3731   79.31962   81.27280  2.46%   233 4143s
  4516  3991   81.03264   29 2088   79.31962   81.23159  2.41%   233 4148s
  4559  3989   81.19205   30 3712   79.31962   81.22499  2.40%   234 4169s
  4571  3996   80.79004   30 3993   79.31962   81.19197  2.36%   235 4182s
  4584  4003   81.17056   31 3688   79.31962   81.17056  2.33%   237 4195s
  4598  4011   81.14222   32 3780   79.31962   81.16987  2.33%   238 4211s
  4610  4020   80.75776   32 4078   79.31962   81.14209  2.30%   240 4222s
  4623  4028   81.12588   33 3780   79.31962   81.13120  2.28%   241 4237s
  4642  4066   81.00611   34 3622   79.31962   81.13120  2.28%   243 4245s
  4687  4104   80.96038   34 2332   79.31962   81.13120  2.28%   243 4256s
  4742  4155   80.94625   35 3623   79.31962   81.13120  2.28%   241 4267s
  4826  4193   80.77443   35 3738   79.31962   81.13120  2.28%   239 4275s
  4903  4272   80.91721   36 3560   79.31962   81.13120  2.28%   238 4292s
  5020  4244   80.72954   36 2254   79.31962   81.13120  2.28%   236 4299s
  5033  4310   80.91293   37 3705   79.31962   81.13120  2.28%   236 4315s
  5109  4391   80.58193   37 2160   79.31962   81.13120  2.28%   235 4326s
  5240  4472   80.89778   38 3769   79.31962   81.13120  2.28%   231 4340s
  5411  4526   80.87606   39 3591   79.31962   81.13120  2.28%   228 4354s
  5564  4536   80.76721   40 1989   79.31962   81.13120  2.28%   227 4417s
  5674  4594   80.49545   40 1907   79.31962   81.13120  2.28%   225 4431s
  5848  4653   80.71921   43 1970   79.31962   81.13120  2.28%   222 4447s
  6050  4677   80.69415   46 1997   79.31962   81.03264  2.16%   218 4464s
  6268  4671   80.64965   47 2008   79.31962   81.03264  2.16%   214 4487s
  6424  4627   80.57098   51 1926   79.31962   80.96389  2.07%   214 4499s
  6455  4669     cutoff   51        79.31962   80.95668  2.06%   217 4512s
  6524  4739   80.35287   52 1943   79.31962   80.92676  2.03%   218 4533s
  6652  4778   80.52034   53 1933   79.31962   80.92676  2.03%   219 4553s
  6763  4841   80.27987   56 1991   79.31962   80.92676  2.03%   220 4570s
  6907  4940   80.25623   62 1954   79.31962   80.92676  2.03%   223 4589s
  7086  5002   80.22314   65 1935   79.31962   80.90186  1.99%   223 4607s
  7284  5084   80.11936   71 1785   79.31962   80.88876  1.98%   224 4632s
  7488  5340   80.01570   80 1874   79.31962   80.86334  1.95%   225 4651s
  7831  5459   79.84289   89 1822   79.31962   80.86334  1.95%   220 4673s
  8108  5571   79.71237   95 1429   79.31962   80.83297  1.91%   217 4693s
  8389  5603   79.50429  107 1412   79.31962   80.79501  1.86%   215 4715s
  8617  5693   80.26453   33 2291   79.31962   80.79501  1.86%   216 4737s
  8807  5820   79.59454   50 1791   79.31962   80.78423  1.85%   217 4765s
  9041  5849   80.45073   35 2336   79.31962   80.78423  1.85%   217 4818s
  9232  5876   79.94805   47 1983   79.31962   80.78423  1.85%   218 4897s
  9359  6083   80.28663   30 3901   79.31962   80.76782  1.83%   221 4921s
  9648  6217   80.16035   35 3895   79.31962   80.76428  1.82%   219 4955s
  9946  6287   80.02134   43 3906   79.31962   80.76040  1.82%   219 5018s
 10190  6306   79.74835   53 3308   79.31962   80.76040  1.82%   220 5105s
 10355  6504   79.38599   70 3243   79.31962   80.73969  1.79%   223 5135s
 10674  6760   80.28686   32 2268   79.31962   80.73133  1.78%   223 5175s
 11158  6809   79.49279   68 1523   79.31962   80.71070  1.75%   222 5213s
 11474  6943 infeasible   32        79.31962   80.67353  1.71%   223 5245s
 11808  7194   80.11472   46 1953   79.31962   80.66063  1.69%   225 5287s
 12317  7326 infeasible   41        79.31962   80.64533  1.67%   223 5324s
 12720  7355   80.40098   54 3239   79.31962   80.64147  1.67%   224 5398s
 12945  7405   80.36840   55 3473   79.31962   80.63649  1.66%   224 5446s
 13091  7499   80.05939   67 3066   79.31962   80.63649  1.66%   224 5510s
 13235  7476   79.80407   79 2666   79.31962   80.63649  1.66%   224 5787s
 13268  7507   79.78716   80 2656   79.31962   80.63649  1.66%   224 6043s
 13322  7628   79.77722   81 2649   79.31962   80.63649  1.66%   224 6174s
 13504  7710   79.75498   82 2647   79.31962   80.62973  1.65%   223 6247s
 13729  8003   79.32411  115 2259   79.31962   80.62757  1.65%   225 6303s
 14228  8431   79.50702   87 1465   79.31962   80.62689  1.65%   224 6355s
 14985  8673   79.54148   32 2245   79.31962   80.62689  1.65%   220 6410s
 15590  8773   79.60191   77 1512   79.31962   80.60211  1.62%   219 6516s
 15930  9283   79.44505   73 1364   79.31962   80.59159  1.60%   220 6780s
 16601  9778   79.95777   55 1689   79.31962   80.57976  1.59%   218 6912s
 17218 10134   79.61760   33 4113   79.31962   80.57155  1.58%   218 6978s
 17829 10345   80.07180   53 3801   79.31962   80.57155  1.58%   220 7147s
 18188 12364   79.96373   35 1796   79.31962   80.57155  1.58%   222 7341s
 20821 12518   79.35005   49 3060   79.31962   80.52117  1.51%   213 7483s
 21051 13265   80.24830   41  997   79.31962   80.51564  1.51%   214 7588s
 21993 13868   79.63319   80 1592   79.31962   80.50676  1.50%   211 7691s
 22842 14671   79.92772   55 1777   79.31962   80.48927  1.47%   209 7800s
 23890 14800   80.15613   35 1920   79.31962   80.48475  1.47%   206 7946s
 24077 15565   79.74770   50 1818   79.31962   80.47900  1.46%   207 8049s
 25053 16188   80.23807   40 4730   79.31962   80.46240  1.44%   205 8153s
 25818 16981   79.79344   57 3607   79.31962   80.46035  1.44%   205 8259s
 26221 16981   79.54380   77 3062   79.31962   80.46035  1.44%   205 8260s
 26983 17148   79.35859   76  861   79.31962   80.44471  1.42%   204 8383s
 27296 17835   79.49882   80 1667   79.31962   80.44140  1.41%   205 8499s
 27902 17835   79.51863   74 3038   79.31962   80.43607  1.41%   204 8500s
 28449 18537   80.21305   39 1254   79.31962   80.42453  1.39%   205 8618s
 29510 18716   80.10886   42 2195   79.31962   80.41779  1.38%   205 8671s
 29762 19855   79.78165   56 2149   79.31962   80.41779  1.38%   205 8771s
 31247 20617   79.56444   84 1641   79.31962   80.39996  1.36%   202 8859s
 31585 20617   79.40054   53 3114   79.31962   80.39996  1.36%   202 8860s
 32308 20797   79.46217   79 1480   79.31962   80.39213  1.35%   203 8937s
 32576 21728   79.76619   59 1899   79.31962   80.39031  1.35%   203 9018s
 33981 22755   80.02718   42 4186   79.31962   80.37825  1.33%   203 9105s
 35441 23937   79.56396   83  833   79.31962   80.36542  1.32%   202 9205s
 37032 24420   79.92020   47 2415   79.31962   80.35528  1.31%   200 12831s
 37698 25890     cutoff   74        79.31962   80.35021  1.30%   200 13005s
 40506 26111   79.58107   67  769   79.31962   80.33723  1.28%   198 13205s
 41511 26371     cutoff   46        79.31962   80.33215  1.28%   198 13294s
 42407 27111   79.70773   59  805   79.31962   80.32894  1.27%   198 13394s
 42641 27111   79.48076   45 3808   79.31962   80.32894  1.27%   198 13395s
 44292 27487   79.49863   67  629   79.31962   80.32894  1.27%   197 13498s
 46081 27750   79.77966   59 3846   79.31962   80.31251  1.25%   196 13615s

Gurobi 12.0.0 (win64) logging started Wed Aug 13 13:46:49 2025

Set parameter LogFile to value "results\sol\OptMultiple_False_0\log_NIA_6_1,1,1.txt"
Set parameter TimeLimit to value 18000
Set parameter MIPFocus to value 0
Set parameter NodefileStart to value 0.5
Gurobi Optimizer version 12.0.0 build v12.0.0rc1 (win64 - Windows 11.0 (26100.2))

CPU model: 12th Gen Intel(R) Core(TM) i5-12450H, instruction set [SSE2|AVX|AVX2]
Thread count: 8 physical cores, 12 logical processors, using up to 12 threads

Non-default parameters:
TimeLimit  18000
NodefileStart  0.5
Threads  12

Academic license 2625989 - for non-commercial use only - registered to aa___@up.edu.ph
Optimize a model with 72171 rows, 76463 columns and 293450 nonzeros
Model fingerprint: 0xf58f9d15
Model has 319 simple general constraints
  319 PWL
Variable types: 638 continuous, 75825 integer (75825 binary)
Coefficient statistics:
  Matrix range     [1e+00, 2e+03]
  Objective range  [3e-03, 3e-03]
  Bounds range     [1e+00, 1e+02]
  RHS range        [1e+00, 4e+00]
  PWLCon x range   [4e+02, 2e+03]
  PWLCon y range   [0e+00, 1e+02]
Presolve removed 3199 rows and 3272 columns (presolve time = 5s)...
Presolve removed 9 rows and 720 columns
Presolve time: 5.36s
Presolved: 72162 rows, 75743 columns, 289662 nonzeros
Variable types: 1595 continuous, 74148 integer (74148 binary)
Found heuristic solution: objective 53.1430873
Deterministic concurrent LP optimizer: primal and dual simplex
Showing primal log only...


Root simplex log...

Iteration    Objective       Primal Inf.    Dual Inf.      Time
       0    9.7836991e+01   2.866455e+03   7.304122e+09      7s
    7501    7.9569488e+01   2.992636e+00   3.378125e+07     10s
Concurrent spin time: 0.01s

Solved with dual simplex

Root simplex log...

Iteration    Objective       Primal Inf.    Dual Inf.      Time
   12163    9.8573907e+01   0.000000e+00   0.000000e+00     14s
Extra simplex iterations after uncrush: 12

Root relaxation: objective 9.857391e+01, 12163 iterations, 7.57 seconds (1.20 work units)

    Nodes    |    Current Node    |     Objective Bounds      |     Work
 Expl Unexpl |  Obj  Depth IntInf | Incumbent    BestBd   Gap | It/Node Time

     0     0   98.57391    0  957   53.14309   98.57391  85.5%     -   19s
     0     0   96.40601    0  885   53.14309   96.40601  81.4%     -   20s
H    0     0                      78.9094839   96.40601  22.2%     -   23s
H    0     0                      79.2278261   96.40601  21.7%     -   24s
     0     0   89.38306    0 2684   79.22783   89.38306  12.8%     -   64s
H    0     0                      79.3053775   87.82306  10.7%     -  110s
H    0     0                      79.3196152   87.82306  10.7%     -  110s
     0     0   87.82306    0 2583   79.31962   87.82306  10.7%     -  122s
     0     0   87.80216    0 2591   79.31962   87.80216  10.7%     -  138s
     0     0   87.80212    0 2588   79.31962   87.80212  10.7%     -  156s
     0     0   87.40721    0 2686   79.31962   87.40721  10.2%     -  196s
     0     0   87.10801    0 3480   79.31962   87.10801  9.82%     -  208s
     0     0   87.05063    0 3613   79.31962   87.05063  9.75%     -  215s
     0     0   87.04271    0 3636   79.31962   87.04271  9.74%     -  220s
     0     0   87.04230    0 3689   79.31962   87.04230  9.74%     -  225s
     0     0   86.71753    0 4164   79.31962   86.71753  9.33%     -  251s
     0     0   86.47984    0 4879   79.31962   86.47984  9.03%     -  284s
     0     0   86.45740    0 4821   79.31962   86.45740  9.00%     -  312s
     0     0   86.44019    0 4884   79.31962   86.44019  8.98%     -  341s
     0     0   86.43920    0 4840   79.31962   86.43920  8.98%     -  366s
     0     0   86.24711    0 4965   79.31962   86.24711  8.73%     -  549s
     0     0   86.12390    0 5056   79.31962   86.12390  8.58%     -  657s
     0     0   86.10354    0 5385   79.31962   86.10354  8.55%     -  666s
     0     0   86.09756    0 5431   79.31962   86.09756  8.55%     -  678s
     0     0   86.09719    0 5400   79.31962   86.09719  8.54%     -  679s
     0     0   85.89868    0 5696   79.31962   85.89868  8.29%     -  714s
     0     0   85.85818    0 5504   79.31962   85.85818  8.24%     -  727s
     0     0   85.85482    0 5937   79.31962   85.85482  8.24%     -  733s
     0     0   85.85417    0 5936   79.31962   85.85417  8.24%     -  734s
     0     0   85.74578    0 6309   79.31962   85.74578  8.10%     -  789s
     0     0   85.71554    0 6404   79.31962   85.71554  8.06%     -  802s
     0     0   85.71164    0 6556   79.31962   85.71164  8.06%     -  805s
     0     0   85.71119    0 6642   79.31962   85.71119  8.06%     -  806s
     0     0   85.62588    0 6268   79.31962   85.62588  7.95%     -  856s
     0     0   85.61011    0 6299   79.31962   85.61011  7.93%     -  879s
     0     0   85.60457    0 6258   79.31962   85.60457  7.92%     -  881s
     0     0   85.60369    0 6735   79.31962   85.60369  7.92%     -  955s
     0     0   85.55391    0 6501   79.31962   85.55391  7.86%     -  987s
     0     0   85.54544    0 6673   79.31962   85.54544  7.85%     -  994s
     0     0   85.54418    0 6710   79.31962   85.54418  7.85%     -  997s
     0     0   85.50489    0 6643   79.31962   85.50489  7.80%     - 1026s
     0     0   85.49303    0 6996   79.31962   85.49303  7.78%     - 1032s
     0     0   85.49244    0 7078   79.31962   85.49244  7.78%     - 1035s
     0     0   85.47652    0 6703   79.31962   85.47652  7.76%     - 1054s
     0     0   85.47331    0 7076   79.31962   85.47331  7.76%     - 1059s
     0     0   85.45942    0 7199   79.31962   85.45942  7.74%     - 1090s
     0     0   85.45896    0 7199   79.31962   85.45896  7.74%     - 1100s
     0     2   85.45888    0 7199   79.31962   85.45888  7.74%     - 1202s
     1     4   85.45438    1 6849   79.31962   85.45888  7.74%   931 1223s
     3     8   85.43797    2 6539   79.31962   85.45424  7.73%  2933 1245s
     7    14   85.42678    3 6437   79.31962   85.43797  7.71%  3474 1267s
    15    24   85.37005    4 6936   79.31962   85.42652  7.70%  2954 1291s
    27    55   85.31687    5 6681   79.31962   85.36962  7.63%  2445 1315s
    62    83   85.26498    6 6586   79.31962   85.31634  7.56%  1288 1329s
   102   123   85.26106    7 6605   79.31962   85.31634  7.56%   958 1335s
   189   199   85.24302    9 6522   79.31962   85.31634  7.56%   597 1348s
   228   240   85.22322   10 6455   79.31962   85.31634  7.56%   533 1352s
   269   275   85.18586   11 6418   79.31962   85.31634  7.56%   471 1368s
   309   310   85.16865   12 6347   79.31962   85.31634  7.56%   428 1380s
   352   345   85.16735   13 6269   79.31962   85.26496  7.50%   410 1392s
   389   388   84.84598   13 2713   79.31962   85.26496  7.50%   418 1402s
   432   401   85.13575   14 6272   79.31962   85.26496  7.50%   410 1407s
   445   431   85.10200   15 6270   79.31962   85.26496  7.50%   409 1419s
   475   468   85.06569   16 6289   79.31962   85.26496  7.50%   404 1426s
   512   521   84.97432   17 5816   79.31962   85.26496  7.50%   402 1435s
   565   576   84.62027   17 3823   79.31962   85.26496  7.50%   392 1443s
   624   642   84.96918   18 5465   79.31962   85.26496  7.50%   380 1453s
   692   706   84.91385   19 5718   79.31962   85.26496  7.50%   361 1460s
   760   779   84.89173   20 5713   79.31962   85.26496  7.50%   355 1467s
   833   862   84.87100   21 5794   79.31962   85.26496  7.50%   345 1474s
   918   955   84.85164   22 5686   79.31962   85.26496  7.50%   324 1480s
  1015  1047   84.81436   23 5929   79.31962   85.26496  7.50%   307 1492s
  1113  1154   84.79707   24 5644   79.31962   85.26496  7.50%   288 1500s
  1227  1166   84.75794   25 5638   79.31962   85.26496  7.50%   268 1511s
  1239  1178   84.74542   26 5585   79.31962   85.26496  7.50%   268 1531s
  1251  1190   84.74503   27 5504   79.31962   85.26496  7.50%   268 1542s
  1263  1225   84.73409   28 4936   79.31962   85.26496  7.50%   271 1555s
  1299  1288   84.70033   29 5145   79.31962   85.26496  7.50%   269 1564s
Created node file directory './grbnodes4'
  1366  1424   84.66866   30 4787   79.31962   85.26496  7.50%   261 1573s
  1511  1558   84.63530   31 4869   79.31962   85.26496  7.50%   243 1594s
  1664  1630   84.59511   32 5239   79.31962   85.26496  7.50%   233 1613s
  1765  1741   84.57836   33 4939   79.31962   85.26496  7.50%   240 1685s
  1876  1855   84.14557   33 2684   79.31962   85.26496  7.50%   239 1773s
  2005  1970   84.55688   34 5180   79.31962   85.26496  7.50%   233 1823s
  2145  2082   84.07650   34 3612   79.31962   85.26496  7.50%   228 1879s
  2267  2147   84.53677   35 5176   79.31962   85.26496  7.50%   223 1983s
  2332  2354   84.53138   36 4924   79.31962   85.26496  7.50%   223 2044s
  2539  2697   84.52415   37 4753   79.31962   85.26496  7.50%   211 2066s
  2886  3066   84.23864   37 2960   79.31962   85.26496  7.50%   191 2081s
  3268  3391   84.51448   38 4701   79.31962   85.26496  7.50%   175 2098s
  3619  3682   84.40819   38 2856   79.31962   85.26496  7.50%   165 2118s
  3947  3683   84.79222   25 7199   79.31962   85.26496  7.50%   160 2228s
  3949  3684   83.40330   56 1322   79.31962   85.26496  7.50%   160 2261s
  3950  3685   80.16260  189 2260   79.31962   84.66130  6.73%   160 2381s
  3951  3686   84.30302   19 3069   79.31962   84.30302  6.28%   160 2417s
  3952  3686   83.47568   25 3641   79.31962   83.84593  5.71%   160 2434s
  3953  3687   79.94501  371 4076   79.31962   83.60013  5.40%   160 2459s
  3954  3688   79.54899  345 4123   79.31962   83.54888  5.33%   160 2473s
  3955  3688   83.48487   22 4056   79.31962   83.48487  5.25%   160 2486s
  3956  3689   83.48000   11 4078   79.31962   83.48000  5.25%   160 2498s
  3957  3690   83.47914   30 4082   79.31962   83.47914  5.24%   159 2618s
  3958  3690   83.09005   44 4084   79.31962   83.09005  4.75%   159 2998s
  3959  3691   82.87128   31 4356   79.31962   82.87128  4.48%   159 3060s
  3960  3692   82.79151   28 4324   79.31962   82.79151  4.38%   159 3087s
  3961  3692   82.77773   57 4513   79.31962   82.77773  4.36%   159 3098s
  3962  3693   79.89559  297 4532   79.31962   82.77107  4.35%   159 3104s
  3963  3694   82.77003   15 4542   79.31962   82.77003  4.35%   159 3108s
  3964  3694   82.76967   29 4549   79.31962   82.76967  4.35%   159 3116s
  3965  3695   82.49210   22 4050   79.31962   82.49210  4.00%   159 3200s
  3966  3696   82.45002   15 4058   79.31962   82.45002  3.95%   159 3218s
  3967  3696   82.44103   26 4484   79.31962   82.44103  3.94%   159 3247s
  3968  3697   82.43798   25 4493   79.31962   82.43798  3.93%   159 3251s
  3970  3698   82.43555   52 4450   79.31962   82.43555  3.93%   159 3263s
  3971  3699   80.01479  199 4811   79.31962   82.29657  3.75%   159 3409s
  3972  3700   82.24542   46 4775   79.31962   82.24542  3.69%   159 3454s
  3973  3700   79.91394  335 5008   79.31962   82.23202  3.67%   159 3460s
  3975  3702   82.22876    9 4707   79.31962   82.22876  3.67%   159 3470s
  3976  3702   79.80648  316 4912   79.31962   82.11755  3.53%   159 3520s
  3977  3703   82.09009   49 4989   79.31962   82.09009  3.49%   159 3528s
  3978  3704   82.08398   61 5209   79.31962   82.08398  3.49%   159 3532s
  3980  3705   82.08067   19 5004   79.31962   82.08067  3.48%   159 3542s
  3981  3706   82.02022   55 4858   79.31962   82.02022  3.40%   159 3588s
  3982  3706   82.00907   12 5105   79.31962   82.00907  3.39%   158 3607s
  3983  3707   82.00551    9 5262   79.31962   82.00551  3.39%   158 3610s
  3985  3708   79.66103  236 5396   79.31962   82.00395  3.38%   158 3620s
  3986  3709   81.97281   16 5370   79.31962   81.97281  3.34%   158 3641s
  3988  3710   81.96569   24 5008   79.31962   81.96569  3.34%   158 3645s
  3989  3711   81.96487   21 5099   79.31962   81.96487  3.33%   158 3654s
  3990  3712   81.91579   34 5287   79.31962   81.91579  3.27%   158 3672s
  3991  3712   80.03615  305 5292   79.31962   81.90573  3.26%   158 3676s
  3993  3714   81.90289   10 5313   79.31962   81.90289  3.26%   158 3688s
  3994  3714   81.87967   71 5058   79.31962   81.87967  3.23%   158 3704s
  3995  3715   81.87045   54 4872   79.31962   81.87045  3.22%   158 3708s
  3996  3716   81.86953   61 5089   79.31962   81.86953  3.21%   158 3715s
  3997  3716   81.85985   15 5303   79.31962   81.85985  3.20%   158 3726s
  3999  3718   80.44793  162 5299   79.31962   81.85480  3.20%   158 3736s
  4000  3718   81.84026   22 5152   79.31962   81.84026  3.18%   158 3757s
  4001  3719   79.85724  317 5155   79.31962   81.83742  3.17%   158 3760s
  4002  3720   79.40864  178 5156   79.31962   81.83653  3.17%   158 3768s
  4003  3720   81.78034   23 5006   79.31962   81.78034  3.10%   158 3807s
  4004  3721   81.77387   54 5218   79.31962   81.77387  3.09%   158 3831s
  4005  3722   81.77294   10 5420   79.31962   81.77294  3.09%   158 3841s
  4006  3722   81.76879    7 5626   79.31962   81.76879  3.09%   158 3863s
  4007  3723   79.64664  242 5394   79.31962   81.76726  3.09%   157 3879s
  4008  3724   79.80846  322 5446   79.31962   81.76675  3.09%   157 3890s
  4009  3724   81.75707   17 5325   79.31962   81.75707  3.07%   157 3904s
  4010  3725   81.75594    9 5553   79.31962   81.75594  3.07%   157 3905s
  4011  3726   81.75564   25 5332   79.31962   81.75564  3.07%   157 3914s
  4012  3726   81.75163    8 5561   79.31962   81.75163  3.07%   157 3996s
  4013  3727   81.75094   51 5472   79.31962   81.75094  3.07%   157 4074s
  4014  3728   79.81120  214 5121   79.31962   81.71307  3.02%   157 4204s
  4015  3728   81.70947   54 4934   79.31962   81.70947  3.01%   157 4206s
  4017  3730   80.65390  137 5369   79.31962   81.70633  3.01%   157 4210s
  4018  3730   79.73764  376 5368   79.31962   81.70620  3.01%   157 4290s
  4019  3731   81.67152   22 4987   79.31962   81.67152  2.97%   157 4306s
  4021  3732   80.94830  127 5188   79.31962   81.66800  2.96%   157 4317s
  4022  3733   81.66170   10 5303   79.31962   81.66170  2.95%   157 4343s
  4023  3734   81.65964   16 5440   79.31962   81.65964  2.95%   157 4345s
  4025  3735   80.22350  354 5243   79.31962   81.65844  2.95%   157 4354s
  4026  3736   79.86109  314 5227   79.31962   81.65614  2.95%   157 4368s
  4027  3736   81.65581   29 5228   79.31962   81.65581  2.95%   157 4376s
  4028  3737   81.65440   43 5354   79.31962   81.65440  2.94%   157 4387s
  4029  3738   79.59655  311 5239   79.31962   81.65390  2.94%   157 4394s
  4030  3738   81.64808   53 5203   79.31962   81.64808  2.94%   157 4651s
  4033  3742   81.64808   63 7199   79.31962   81.64808  2.94%   191 5456s
  4035  3743   81.64808   23 1151   79.31962   81.64808  2.94%   191 5490s
  4036  3744   81.62483   35 2200   79.31962   81.62483  2.91%   191 5549s
  4037  3745   81.62477   22 2483   79.31962   81.62477  2.91%   191 5566s
  4038  3745   81.62477   53 3492   79.31962   81.62477  2.91%   191 5583s
  4039  3746   81.62477   51 4133   79.31962   81.62477  2.91%   191 5594s
  4040  3747   79.80679  324 4752   79.31962   81.62477  2.91%   191 5605s
  4041  3747   80.06781  355 4356   79.31962   81.61772  2.90%   191 5612s
  4042  3748   81.61499   41 4569   79.31962   81.61499  2.89%   191 5617s
  4043  3749   81.58823   17 4574   79.31962   81.58823  2.86%   191 5718s
  4044  3749   81.56527   36 4362   79.31962   81.56527  2.83%   191 5780s
  4045  3750   81.55612   15 4994   79.31962   81.55612  2.82%   191 5794s
  4046  3751   81.55304   15 4785   79.31962   81.55304  2.82%   191 5796s
  4047  3751   81.55248   25 4790   79.31962   81.55248  2.82%   191 6047s
  4048  3752   80.23569  182 4983   79.31962   81.52453  2.78%   190 6081s
  4049  3753   81.52115   56 5027   79.31962   81.52115  2.78%   190 6085s
  4051  3754   81.50755   19 5026   79.31962   81.50755  2.76%   190 6097s
  4052  3755   81.50634   25 5032   79.31962   81.50634  2.76%   190 6100s
  4054  3756   79.54899  345 5283   79.31962   81.50072  2.75%   190 6137s
  4057  3758   81.49830   30 5289   79.31962   81.49830  2.75%   190 6143s
  4058  3759   81.49423   44 5399   79.31962   81.49423  2.74%   190 6184s
  4059  3759   81.49344   31 5393   79.31962   81.49344  2.74%   190 6188s
  4060  3760   81.48901   28 5394   79.31962   81.48901  2.74%   190 6195s
  4062  3761   79.89559  297 5404   79.31962   81.48760  2.73%   190 6215s
  4064  3763   81.48249   29 5402   79.31962   81.48249  2.73%   190 6235s
  4067  3765   81.47946   26 5394   79.31962   81.47946  2.72%   190 6241s
  4068  3765   81.46983   25 5132   79.31962   81.46983  2.71%   190 6248s
  4069  3766   81.46602   49 5126   79.31962   81.46602  2.71%   190 6252s
  4070  3767   81.46570   52 5133   79.31962   81.46570  2.71%   189 6262s
  4071  3767   80.01479  199 5303   79.31962   81.46324  2.70%   189 6270s
  4073  3769   79.91394  335 5130   79.31962   81.46177  2.70%   189 6276s
  4074  3769   79.75504  324 5250   79.31962   81.45912  2.70%   189 6329s
  4075  3770   81.45901    9 5335   79.31962   81.45901  2.70%   189 6336s
  4076  3771   79.80648  316 5509   79.31962   81.45788  2.70%   189 6343s
  4077  3771   81.45774   49 5230   79.31962   81.45774  2.70%   189 6348s
  4078  3772   81.45732   61 5225   79.31962   81.45732  2.70%   189 6353s
  4079  3773   81.45709   25 5511   79.31962   81.45709  2.69%   189 6357s
  4080  3773   81.45648   19 5316   79.31962   81.45648  2.69%   189 6395s
  4081  3774   81.45648   55 5316   79.31962   81.45648  2.69%   189 6477s
  4082  3775   81.45648   12 5316   79.31962   81.45648  2.69%   189 6544s
  4083  3778   81.44461   19 5277   79.31962   81.45648  2.69%   206 6611s
  4085  3781   81.44196   20 5235   79.31962   81.44456  2.68%   207 6640s
  4089  3783   81.43640   21 5298   79.31962   81.44196  2.68%   209 6688s
  4096  3789   81.39441   22 4953   79.31962   81.43370  2.67%   211 6711s
  4107  3824   81.37720   23 4735   79.31962   81.39339  2.61%   212 6789s
  4154  3846   81.34319   25 4421   79.31962   81.37368  2.59%   218 6797s
  4204  3857   80.90173   25 3161   79.31962   81.34319  2.55%   221 6820s
  4248  3880   81.32739   26 4312   79.31962   81.34170  2.55%   223 6829s
  4292  3900   79.97863   26 2828   79.31962   81.32736  2.53%   227 6852s
  4334  3903   81.29101   27 4295   79.31962   81.32598  2.53%   230 6961s
  4358  3933   81.04326   27 4218   79.31962   81.29079  2.49%   232 6974s
  4408  3939   81.27290   28 4322   79.31962   81.29079  2.49%   231 6981s
  4445  3953   80.22428   28 3162   79.31962   81.27284  2.46%   231 6998s
  4484  3961   81.23243   29 3731   79.31962   81.27280  2.46%   233 7013s
  4516  3991   81.03264   29 2088   79.31962   81.23159  2.41%   233 7023s
  4559  3989   81.19205   30 3712   79.31962   81.22499  2.40%   234 7059s
  4571  3996   80.79004   30 3993   79.31962   81.19197  2.36%   235 7082s
  4584  4003   81.17056   31 3688   79.31962   81.17056  2.33%   237 7104s
  4598  4011   81.14222   32 3780   79.31962   81.16987  2.33%   238 7117s
  4610  4020   80.75776   32 4078   79.31962   81.14209  2.30%   240 7127s
  4623  4028   81.12588   33 3780   79.31962   81.13120  2.28%   241 7139s
  4642  4066   81.00611   34 3622   79.31962   81.13120  2.28%   243 7145s
  4687  4104   80.96038   34 2332   79.31962   81.13120  2.28%   243 7154s
  4742  4155   80.94625   35 3623   79.31962   81.13120  2.28%   241 7162s
  4826  4193   80.77443   35 3738   79.31962   81.13120  2.28%   239 7169s
  4903  4272   80.91721   36 3560   79.31962   81.13120  2.28%   238 7179s
  5020  4244   80.72954   36 2254   79.31962   81.13120  2.28%   236 7186s
  5033  4310   80.91293   37 3705   79.31962   81.13120  2.28%   236 7197s
  5109  4391   80.58193   37 2160   79.31962   81.13120  2.28%   235 7205s
  5240  4472   80.89778   38 3769   79.31962   81.13120  2.28%   231 7216s
  5411  4526   80.87606   39 3591   79.31962   81.13120  2.28%   228 7226s
  5564  4536   80.76721   40 1989   79.31962   81.13120  2.28%   227 7301s
  5674  4594   80.49545   40 1907   79.31962   81.13120  2.28%   225 7318s
  5848  4653   80.71921   43 1970   79.31962   81.13120  2.28%   222 7340s
  6050  4677   80.69415   46 1997   79.31962   81.03264  2.16%   218 7364s
  6268  4671   80.64965   47 2008   79.31962   81.03264  2.16%   214 7392s
  6424  4627   80.57098   51 1926   79.31962   80.96389  2.07%   214 7415s
  6455  4669     cutoff   51        79.31962   80.95668  2.06%   217 7437s
  6524  4739   80.35287   52 1943   79.31962   80.92676  2.03%   218 7465s
  6652  4778   80.52034   53 1933   79.31962   80.92676  2.03%   219 7490s
  6763  4841   80.27987   56 1991   79.31962   80.92676  2.03%   220 7512s
  6907  4940   80.25623   62 1954   79.31962   80.92676  2.03%   223 7534s
  7086  5002   80.22314   65 1935   79.31962   80.90186  1.99%   223 7556s
  7284  5084   80.11936   71 1785   79.31962   80.88876  1.98%   224 7584s
  7488  5340   80.01570   80 1874   79.31962   80.86334  1.95%   225 7606s
  7831  5459   79.84289   89 1822   79.31962   80.86334  1.95%   220 7634s
  8108  5571   79.71237   95 1429   79.31962   80.83297  1.91%   217 7659s
  8389  5603   79.50429  107 1412   79.31962   80.79501  1.86%   215 7689s
  8617  5693   80.26453   33 2291   79.31962   80.79501  1.86%   216 7719s
  8807  5820   79.59454   50 1791   79.31962   80.78423  1.85%   217 7750s
  9041  5849   80.45073   35 2336   79.31962   80.78423  1.85%   217 7798s
  9232  5876   79.94805   47 1983   79.31962   80.78423  1.85%   218 7848s
  9359  6083   80.28663   30 3901   79.31962   80.76782  1.83%   221 7867s
  9648  6217   80.16035   35 3895   79.31962   80.76428  1.82%   219 7893s
  9946  6287   80.02134   43 3906   79.31962   80.76040  1.82%   219 7914s
 10190  6306   79.74835   53 3308   79.31962   80.76040  1.82%   220 7972s
 10355  6504   79.38599   70 3243   79.31962   80.73969  1.79%   223 7995s
 10674  6760   80.28686   32 2268   79.31962   80.73133  1.78%   223 8027s
 11158  6809   79.49279   68 1523   79.31962   80.71070  1.75%   222 8054s
 11474  6943 infeasible   32        79.31962   80.67353  1.71%   223 8080s
 11808  7194   80.11472   46 1953   79.31962   80.66063  1.69%   225 8114s
 12317  7326 infeasible   41        79.31962   80.64533  1.67%   223 8143s
 12720  7355   80.40098   54 3239   79.31962   80.64147  1.67%   224 8189s
 12945  7405   80.36840   55 3473   79.31962   80.63649  1.66%   224 8220s
 13091  7499   80.05939   67 3066   79.31962   80.63649  1.66%   224 8266s
 13235  7476   79.80407   79 2666   79.31962   80.63649  1.66%   224 8308s
 13268  7507   79.78716   80 2656   79.31962   80.63649  1.66%   224 8336s
 13322  7628   79.77722   81 2649   79.31962   80.63649  1.66%   224 8378s
 13504  7710   79.75498   82 2647   79.31962   80.62973  1.65%   223 8427s
 13729  8003   79.32411  115 2259   79.31962   80.62757  1.65%   225 8467s
 14228  8431   79.50702   87 1465   79.31962   80.62689  1.65%   224 8508s
 14985  8673   79.54148   32 2245   79.31962   80.62689  1.65%   220 8549s
 15590  8773   79.60191   77 1512   79.31962   80.60211  1.62%   219 8612s
 15930  9283   79.44505   73 1364   79.31962   80.59159  1.60%   220 8659s
 16297  9283   79.71510   60 1602   79.31962   80.58146  1.59%   219 8660s
 16601  9778   79.95777   55 1689   79.31962   80.57976  1.59%   218 8708s
 17218 10134   79.61760   33 4113   79.31962   80.57155  1.58%   218 8754s
 17829 10345   80.07180   53 3801   79.31962   80.57155  1.58%   220 8874s
 18188 12364   79.96373   35 1796   79.31962   80.57155  1.58%   222 9010s
 20821 12518   79.35005   49 3060   79.31962   80.52117  1.51%   213 9064s
 21051 13265   80.24830   41  997   79.31962   80.51564  1.51%   214 9110s
 21993 13868   79.63319   80 1592   79.31962   80.50676  1.50%   211 9158s
 22842 14671   79.92772   55 1777   79.31962   80.48927  1.47%   209 9208s
 23890 14800   80.15613   35 1920   79.31962   80.48475  1.47%   206 9257s
 24077 15565   79.74770   50 1818   79.31962   80.47900  1.46%   207 9306s
 25053 16188   80.23807   40 4730   79.31962   80.46240  1.44%   205 9359s
 25818 16981   79.79344   57 3607   79.31962   80.46035  1.44%   205 9418s
 26983 17148   79.35859   76  861   79.31962   80.44471  1.42%   204 9471s
 27296 17835   79.49882   80 1667   79.31962   80.44140  1.41%   205 9530s
 28449 18537   80.21305   39 1254   79.31962   80.42453  1.39%   205 9596s
 29510 18716   80.10886   42 2195   79.31962   80.41779  1.38%   205 9644s
 29762 19855   79.78165   56 2149   79.31962   80.41779  1.38%   205 9720s
 31247 20617   79.56444   84 1641   79.31962   80.39996  1.36%   202 9789s
 32308 20797   79.46217   79 1480   79.31962   80.39213  1.35%   203 9852s
 32576 21728   79.76619   59 1899   79.31962   80.39031  1.35%   203 9931s
 33981 22755   80.02718   42 4186   79.31962   80.37825  1.33%   203 10011s
 35441 23937   79.56396   83  833   79.31962   80.36542  1.32%   202 10101s
 37032 23936 infeasible   36        79.31962   80.35528  1.31%   200 18166s

Cutting planes:
  Gomory: 13
  Cover: 288
  Implied bound: 133
  Projected implied bound: 104
  Clique: 13
  MIR: 793
  Mixing: 4
  StrongCG: 2
  Flow cover: 1143
  GUB cover: 618
  Inf proof: 31
  RLT: 32
  Relax-and-lift: 116
  BQP: 3

Explored 37033 nodes (7505737 simplex iterations) in 18166.80 seconds (3093.03 work units)
Thread count was 12 (of 12 available processors)

Solution count 5: 79.3196 79.3054 79.2278 ... 53.1431

Time limit reached
Best objective 7.931961517351e+01, best bound 8.035527553309e+01, gap 1.3057%
