
Gurobi 12.0.0 (win64) logging started Wed Aug 13 18:50:26 2025

Set parameter LogFile to value "results\sol\OptMultiple_False_0\log_NIA_6_2,2,2.txt"
Set parameter TimeLimit to value 18000
Set parameter MIPFocus to value 0
Set parameter NodefileStart to value 0.5
Gurobi Optimizer version 12.0.0 build v12.0.0rc1 (win64 - Windows 11.0 (26100.2))

CPU model: 12th Gen Intel(R) Core(TM) i5-12450H, instruction set [SSE2|AVX|AVX2]
Thread count: 8 physical cores, 12 logical processors, using up to 12 threads

Non-default parameters:
TimeLimit  18000
NodefileStart  0.5
Threads  12

Academic license 2625989 - for non-commercial use only - registered to aa___@up.edu.ph
Optimize a model with 72171 rows, 76463 columns and 293450 nonzeros
Model fingerprint: 0x832edbea
Model has 319 simple general constraints
  319 PWL
Variable types: 638 continuous, 75825 integer (75825 binary)
Coefficient statistics:
  Matrix range     [1e+00, 2e+03]
  Objective range  [3e-03, 3e-03]
  Bounds range     [1e+00, 1e+02]
  RHS range        [1e+00, 4e+00]
  PWLCon x range   [4e+02, 2e+03]
  PWLCon y range   [0e+00, 1e+02]
Presolve removed 9 rows and 720 columns
Presolve time: 1.34s
Presolved: 72162 rows, 75743 columns, 289662 nonzeros
Variable types: 1595 continuous, 74148 integer (74148 binary)
Found heuristic solution: objective 53.1430873
Deterministic concurrent LP optimizer: primal and dual simplex
Showing primal log only...

Concurrent spin time: 0.20s

Solved with dual simplex
Extra simplex iterations after uncrush: 6

Root relaxation: objective 9.878978e+01, 11410 iterations, 2.28 seconds (1.43 work units)

    Nodes    |    Current Node    |     Objective Bounds      |     Work
 Expl Unexpl |  Obj  Depth IntInf | Incumbent    BestBd   Gap | It/Node Time

     0     0   98.78978    0  957   53.14309   98.78978  85.9%     -    4s
     0     0   96.86948    0  885   53.14309   96.86948  82.3%     -    5s
H    0     0                      84.8811870   96.86948  14.1%     -    6s
H    0     0                      85.2836725   96.86948  13.6%     -    8s
     0     0   91.46231    0 2480   85.28367   91.46231  7.24%     -   14s
H    0     0                      85.2995179   91.46231  7.22%     -   15s
     0     0   90.64421    0 2774   85.29952   90.64421  6.27%     -   23s
     0     0   90.64191    0 2634   85.29952   90.64191  6.26%     -   23s
     0     0   90.64191    0 2632   85.29952   90.64191  6.26%     -   24s
     0     0   90.03894    0 3527   85.29952   90.03894  5.56%     -   40s
     0     0   89.84104    0 3345   85.29952   89.84104  5.32%     -   45s
     0     0   89.81764    0 3551   85.29952   89.81764  5.30%     -   46s
     0     0   89.81531    0 3552   85.29952   89.81531  5.29%     -   46s
     0     0   89.81508    0 3559   85.29952   89.81508  5.29%     -   47s
     0     0   89.56488    0 4616   85.29952   89.56488  5.00%     -   64s
     0     0   89.44732    0 4556   85.29952   89.44732  4.86%     -   75s
     0     0   89.43169    0 4668   85.29952   89.43169  4.84%     -   78s
     0     0   89.42765    0 4667   85.29952   89.42765  4.84%     -   79s
     0     0   89.42657    0 4706   85.29952   89.42657  4.84%     -   80s
     0     0   89.25576    0 4899   85.29952   89.25576  4.64%     -  106s
     0     0   89.20212    0 5369   85.29952   89.20212  4.58%     -  114s
     0     0   89.18889    0 5193   85.29952   89.18889  4.56%     -  118s
     0     0   89.18709    0 5225   85.29952   89.18709  4.56%     -  119s
     0     0   89.18682    0 5227   85.29952   89.18682  4.56%     -  120s
     0     0   89.03411    0 5756   85.29952   89.03411  4.38%     -  139s
     0     0   89.01075    0 5814   85.29952   89.01075  4.35%     -  148s
     0     0   89.00691    0 6130   85.29952   89.00691  4.35%     -  151s
     0     0   89.00634    0 6148   85.29952   89.00634  4.35%     -  152s
     0     0   88.92438    0 5984   85.29952   88.92438  4.25%     -  181s
     0     0   88.91494    0 6033   85.29952   88.91494  4.24%     -  193s
     0     0   88.91300    0 6178   85.29952   88.91300  4.24%     -  195s
     0     0   88.86919    0 5886   85.29952   88.86919  4.18%     -  207s
     0     0   88.85928    0 5760   85.29952   88.85928  4.17%     -  214s
     0     0   88.85609    0 5955   85.29952   88.85609  4.17%     -  215s
     0     0   88.85550    0 6010   85.29952   88.85550  4.17%     -  216s
     0     0   88.81565    0 6191   85.29952   88.81565  4.12%     -  227s
     0     0   88.81170    0 6133   85.29952   88.81170  4.12%     -  232s
     0     0   88.81063    0 6535   85.29952   88.81063  4.12%     -  234s
     0     0   88.77969    0 6528   85.29952   88.77969  4.08%     -  246s
     0     0   88.77047    0 6695   85.29952   88.77047  4.07%     -  254s
     0     0   88.76942    0 6532   85.29952   88.76942  4.07%     -  257s
     0     0   88.75698    0 6442   85.29952   88.75698  4.05%     -  265s
     0     0   88.75247    0 6399   85.29952   88.75247  4.05%     -  271s
     0     0   88.75134    0 6532   85.29952   88.75134  4.05%     -  272s
     0     0   88.73474    0 6564   85.29952   88.73474  4.03%     -  282s
     0     0   88.73061    0 6526   85.29952   88.73061  4.02%     -  290s
     0     0   88.72966    0 6857   85.29952   88.72966  4.02%     -  293s
     0     0   88.71938    0 6490   85.29952   88.71938  4.01%     -  301s
     0     0   88.71820    0 6451   85.29952   88.71820  4.01%     - 1218s
     0     0   88.71523    0 6639   85.29952   88.71523  4.00%     - 1225s
     0     0   88.71240    0 6619   85.29952   88.71240  4.00%     - 1227s
     0     2   88.71224    0 6619   85.29952   88.71224  4.00%     - 1254s
     1     4   88.69376    1 6580   85.29952   88.71224  4.00%  5492 1261s
     3     8   88.66364    2 5453   85.29952   88.69376  3.98%  5880 1280s
     7    14   88.60086    3 5623   85.29952   88.66355  3.94%  6241 1292s
    15    24   88.58935    4 5752   85.29952   88.60073  3.87%  4529 1306s
    27    36   88.57882    5 5465   85.29952   88.58918  3.86%  3846 1331s
    39    64   88.56091    6 5559   85.29952   88.57852  3.84%  3539 1353s
    68   100   88.55478    7 5362   85.29952   88.57852  3.84%  2620 1368s
   108   143   88.53289    8 5525   85.29952   88.57852  3.84%  1841 1375s
   153   175   88.48740    9 5424   85.29952   88.57852  3.84%  1386 1383s
   185   214   88.48659   10 5385   85.29952   88.57852  3.84%  1215 1388s
   224   239   88.47921   11 5376   85.29952   88.57852  3.84%  1042 1393s
   249   274   88.46467   12 5425   85.29952   88.57852  3.84%   958 1399s
   284   288   88.44768   13 5281   85.29952   88.57852  3.84%   873 1404s
   302   323   88.41869   14 5140   85.29952   88.57852  3.84%   842 1409s
   339   346   88.40576   15 4991   85.29952   88.57852  3.84%   774 1413s
   363   376   88.39592   16 5113   85.29952   88.57852  3.84%   736 1418s
   397   389   88.38254   17 4949   85.29952   88.57852  3.84%   698 1427s
   413   416   88.37181   18 4913   85.29952   88.56089  3.82%   714 1434s
   440   449   88.36399   19 4633   85.29952   88.56089  3.82%   701 1440s
   473   461   88.34815   20 4627   85.29952   88.56089  3.82%   682 1451s
   485   499   88.30743   21 4603   85.29952   88.56089  3.82%   676 1459s
   523   523   88.30079   22 4593   85.29952   88.56089  3.82%   655 1465s
   549   564   88.26873   23 4260   85.29952   88.56089  3.82%   650 1472s
   590   613   88.24826   24 4275   85.29952   88.56089  3.82%   640 1481s
   639   655   88.21842   25 4405   85.29952   88.56089  3.82%   628 1488s
   683   718   88.21173   26 4421   85.29952   88.56089  3.82%   613 1496s
   752   790   88.17920   28 4105   85.29952   88.56089  3.82%   590 1504s
   830   853   88.15606   30 4170   85.29952   88.56089  3.82%   564 1511s
   903   957   88.13092   31 4072   85.29952   88.56089  3.82%   539 1519s
Created node file directory './grbnodes4'
  1009  1053   88.08292   33 4074   85.29952   88.56089  3.82%   504 1527s
  1111  1175   88.04783   34 4186   85.29952   88.56089  3.82%   475 1537s
  1236  1302   88.05123   34 3847   85.29952   88.56089  3.82%   445 1546s
  1375  1411   88.02963   35 4099   85.29952   88.56089  3.82%   416 5190s
  1493  1552   87.99216   36 4083   85.29952   88.55900  3.82%   403 5201s
  1637  1683   87.95186   38 4195   85.29952   88.55900  3.82%   379 5213s
  1783  1791   87.93778   40 4023   85.29952   88.55900  3.82%   358 5229s
  1906  1903   87.85256   42 4136   85.29952   88.55437  3.82%   351 5241s
  2024  2024   87.83168   44 4043   85.29952   88.55437  3.82%   342 5256s
  2162  2137   87.75385   46 4262   85.29952   88.55437  3.82%   333 5270s
  2281  2292   87.55838   46 4019   85.29952   88.55437  3.82%   324 5284s
  2442  2458   87.72810   47 4063   85.29952   88.55437  3.82%   312 5299s
  2640  2603   87.68744   48 4186   85.29952   88.55437  3.82%   299 5317s
  2810  2726   87.59267   49 3857   85.29952   88.51495  3.77%   292 5339s
  2941  2851   87.57411   49 2840   85.29952   88.51495  3.77%   292 5359s
  3104  2973   87.55446   50 2907   85.29952   88.51495  3.77%   286 5378s
  3233  2974   85.60382  220 6619   85.29952   88.51495  3.77%   285 5630s
  3235  2975   88.02929   36 1537   85.29952   88.51495  3.77%   285 5647s
  3236  2976   88.20166   24 2218   85.29952   88.51495  3.77%   285 5700s
  3237  2977   88.18382    8 3162   85.29952   88.18382  3.38%   285 5708s
  3238  2977   87.75695   51 3850   85.29952   87.81194  2.95%   285 5718s
  3239  2978   86.40404  111 4339   85.29952   87.71843  2.84%   285 5723s
  3240  2979   87.69237   21 4224   85.29952   87.69237  2.81%   285 5725s
  3243  2981   87.68308   14 4466   85.29952   87.68308  2.79%   285 6307s
  3244  2981   87.31516   10 4383   85.29952   87.31516  2.36%   285 6420s
  3245  2982   87.17578   49 4559   85.29952   87.17578  2.20%   284 6429s
  3246  2983   87.06406   38 4743   85.29952   87.06406  2.07%   284 6440s
  3247  2983   87.02772   25 4961   85.29952   87.02772  2.03%   284 6446s
  3249  2985   87.01034   25 5232   85.29952   87.01034  2.01%   284 6452s
  3251  2986   87.00597   12 5151   85.29952   87.00597  2.00%   284 6523s
  3252  2987   86.54037   96 4695   85.29952   86.81964  1.78%   284 6547s
  3253  2987   86.77190   46 4764   85.29952   86.77190  1.73%   284 6557s
  3254  2988   86.76065   54 4891   85.29952   86.76065  1.71%   284 6561s
  3257  2990   86.75238   26 4949   85.29952   86.75238  1.70%   283 6565s
  3259  2991   86.65562   16 4906   85.29952   86.65562  1.59%   283 6581s
  3260  2992   86.63907   46 5189   85.29952   86.63907  1.57%   283 6585s
  3262  2993   86.63470   45 5186   85.29952   86.63470  1.57%   283 6594s
  3263  2994   86.59131   55 5598   85.29952   86.59131  1.51%   283 7819s
  3264  2995   86.36645   95 5665   85.29952   86.58332  1.51%   283 7832s
  3265  2995   86.58072   36 5808   85.29952   86.58072  1.50%   283 7839s
  3266  2996   86.57990   38 5610   85.29952   86.57990  1.50%   283 7861s
  3267  2997   85.66339  217 5367   85.29952   86.54787  1.46%   282 7907s
  3268  2997   86.54171   14 5665   85.29952   86.54171  1.46%   282 7917s
  3269  2998   86.54002   19 5400   85.29952   86.54002  1.45%   282 7921s
  3270  2999   86.53900   49 5910   85.29952   86.53900  1.45%   282 7925s
  3271  2999   86.53857   21 5843   85.29952   86.53857  1.45%   282 7939s
  3272  3000   86.48169   99 5462   85.29952   86.52202  1.43%   282 7975s
  3273  3001   86.51771    9 5576   85.29952   86.51771  1.43%   282 7982s
  3274  3001   86.51704   26 5495   85.29952   86.51704  1.43%   282 7997s
  3275  3002   86.50863    8 5317   85.29952   86.50863  1.42%   282 8025s
  3276  3003   86.50504   54 5303   85.29952   86.50504  1.41%   282 8033s
  3277  3003   86.50419   25 5341   85.29952   86.50419  1.41%   282 8054s
  3278  3004   86.49610   41 5778   85.29952   86.49610  1.40%   282 8093s
  3279  3005   86.49426    7 5550   85.29952   86.49426  1.40%   281 8098s
  3280  3005   86.49375   61 5790   85.29952   86.49375  1.40%   281 8113s
  3281  3006   86.48889   29 5458   85.29952   86.48889  1.39%   281 8136s
  3282  3007   86.48688   23 5683   85.29952   86.48688  1.39%   281 8141s
  3283  3007   86.48662   11 5799   85.29952   86.48662  1.39%   281 8156s
  3284  3008   86.48102   10 6005   85.29952   86.48102  1.39%   281 8187s
  3285  3009   86.48020    7 5808   85.29952   86.48020  1.38%   281 8202s
  3286  3009   86.47607   12 5815   85.29952   86.47607  1.38%   281 8251s
  3287  3010   86.47434   16 6007   85.29952   86.47434  1.38%   281 8257s
  3288  3011   86.47349   31 6029   85.29952   86.47349  1.38%   281 8274s
  3289  3011   86.44176   18 5373   85.29952   86.44176  1.34%   281 8312s
  3290  3012   86.43756   18 5534   85.29952   86.43756  1.33%   281 8319s
  3291  3013   86.43640   18 5657   85.29952   86.43640  1.33%   280 8324s
  3292  3013   86.43593   37 5733   85.29952   86.43593  1.33%   280 8339s
  3293  3014   86.43026   11 5727   85.29952   86.43026  1.33%   280 8425s
  3294  3015   86.42932   30 5786   85.29952   86.42932  1.32%   280 8445s
  3295  3015   86.42240   42 5334   85.29952   86.42240  1.32%   280 8511s
  3296  3016   86.42064   39 5446   85.29952   86.42064  1.31%   280 8516s
  3297  3017   86.42004   53 5686   85.29952   86.42004  1.31%   280 8570s
  3298  3017   86.41152    7 5677   85.29952   86.41152  1.30%   280 8652s
  3299  3018   86.40826   22 5663   85.29952   86.40826  1.30%   280 8659s
  3300  3019   86.40747   20 5737   85.29952   86.40747  1.30%   280 8713s
  3301  3019   86.38562   10 5147   85.29952   86.38562  1.27%   280 8742s
  3302  3020   85.92743  189 5369   85.29952   86.38269  1.27%   280 8749s
  3303  3021   86.38148   11 5576   85.29952   86.38148  1.27%   279 8753s
  3304  3021   86.38123    9 5454   85.29952   86.38123  1.27%   279 8764s
  3305  3022   86.37226   11 5750   85.29952   86.37226  1.26%   279 8850s
  3306  3023   86.37090   28 5626   85.29952   86.37090  1.26%   279 8855s
  3307  3023   86.37027   33 5403   85.29952   86.37027  1.26%   279 8867s
  3308  3024   86.36672   54 6003   85.29952   86.36672  1.25%   279 8893s
  3309  3025   86.36415   18 5841   85.29952   86.36415  1.25%   279 8899s
  3310  3025   86.36365    9 5513   85.29952   86.36365  1.25%   279 8912s
  3311  3026   86.35630   51 5924   85.29952   86.35630  1.24%   279 8953s
  3312  3027   85.66346  219 6129   85.29952   86.35391  1.24%   279 8959s
  3313  3027   86.10659  116 6033   85.29952   86.35364  1.24%   279 8973s
  3314  3028   86.34750   12 5894   85.29952   86.34750  1.23%   278 9003s
  3315  3029   86.34411   12 6007   85.29952   86.34411  1.22%   278 9009s
  3316  3029   86.34236   31 6098   85.29952   86.34236  1.22%   278 9014s
  3317  3030   86.34184   29 5980   85.29952   86.34184  1.22%   278 9031s
  3318  3031   86.33789   11 5850   85.29952   86.33789  1.22%   278 9102s
  3319  3031   85.88189  207 6095   85.29952   86.33663  1.22%   278 9108s
  3320  3032   86.33645   24 6173   85.29952   86.33645  1.22%   278 9121s
  3321  3033   86.33032   22 5909   85.29952   86.33032  1.21%   278 9141s
  3324  3036   86.33032  115 6619   85.29952   86.33032  1.21%   327 9146s
  3326  3037   86.23107  119 1534   85.29952   86.33032  1.21%   327 10225s
  3327  3038   86.26966   48 2481   85.29952   86.26966  1.14%   327 10607s
  3328  3039   86.26966   60 3100   85.29952   86.26966  1.14%   327 10621s
  3329  3039   86.26966   36 4390   85.29952   86.26966  1.14%   326 10643s
  3330  3040   86.26958   22 4871   85.29952   86.26958  1.14%   326 10662s
  3331  3041   86.26958   62 5030   85.29952   86.26958  1.14%   326 10672s
  3332  3041   86.26958   51 5317   85.29952   86.26958  1.14%   326 10681s
  3334  3043   86.26958   11 5409   85.29952   86.26958  1.14%   326 10736s
  3335  3043   86.26958   36 5312   85.29952   86.26958  1.14%   326 10746s
  3337  3045   86.26958    8 5273   85.29952   86.26958  1.14%   326 10751s
  3338  3045   86.23350   51 5335   85.29952   86.23350  1.09%   326 10756s
  3339  3046   86.23350  111 5564   85.29952   86.23350  1.09%   325 11644s
  3340  3047   86.23323   21 5699   85.29952   86.23323  1.09%   325 11647s
  3341  3047   86.23323   17 5703   85.29952   86.23323  1.09%   325 11654s
  3342  3048   86.23323    8 5694   85.29952   86.23323  1.09%   325 11663s
  3343  3049   86.23323   14 5712   85.29952   86.23323  1.09%   325 11665s
  3344  3049   86.21684   10 5780   85.29952   86.21684  1.08%   325 11672s
  3345  3050   86.21684   49 5813   85.29952   86.21684  1.08%   325 11690s
  3346  3051   86.21684   38 5827   85.29952   86.21684  1.08%   325 11701s
  3347  3051   86.21684   25 5911   85.29952   86.21684  1.08%   325 11722s
  3348  3052   86.21684   17 5763   85.29952   86.21684  1.08%   325 11732s
  3349  3053   86.21677   25 5849   85.29952   86.21677  1.08%   325 11767s
  3350  3053   86.21677   44 5857   85.29952   86.21677  1.08%   324 11800s
  3351  3054   86.20408   12 5990   85.29952   86.20408  1.06%   324 11852s
  3353  3055   86.20408   46 5772   85.29952   86.20408  1.06%   324 11861s
  3354  3056   86.20380   54 5767   85.29952   86.20380  1.06%   324 11873s
  3355  3057   86.20380   64 5510   85.29952   86.20380  1.06%   324 11875s
  3356  3057   85.94556  191 5511   85.29952   86.20380  1.06%   324 11883s
  3357  3058   86.19631   26 5409   85.29952   86.19631  1.05%   324 11891s
  3358  3059   85.88714  209 5409   85.29952   86.19631  1.05%   324 11902s
  3359  3059   86.19631   16 5409   85.29952   86.19631  1.05%   324 11973s
  3360  3063   86.19631   30 5164   85.29952   86.19631  1.05%   347 12000s
  3362  3066   86.19631   31 5018   85.29952   86.19631  1.05%   349 12006s
  3366  3073   86.19084   32 4637   85.29952   86.19631  1.05%   352 12034s
  3374  3082   86.15096   33 4426   85.29952   86.19083  1.04%   362 12059s
  3386  3119   86.12633   34 4490   85.29952   86.15093  1.00%   370 12104s
  3432  3133   86.03593   36 4346   85.29952   86.15093  1.00%   383 12126s
  3463  3135   86.07816   36 3367   85.29952   86.15093  1.00%   391 12162s
  3475  3150   86.07620   37 3104   85.29952   86.15093  1.00%   392 12189s
  3495  3160   86.00057   38 2713   85.29952   86.15093  1.00%   397 12217s
  3513  3165   85.72698   39 2856   85.29952   86.15093  1.00%   399 12243s
  3526  3171   85.90448   40 3207   85.29952   86.15093  1.00%   400 12277s
  3543  3188   85.89855   40 1515   85.29952   86.12978  0.97%   401 12298s
  3571  3203   85.87477   41 1817   85.29952   86.12978  0.97%   402 12315s
  3604  3215   85.62292   41 1499   85.29952   86.12978  0.97%   401 12329s
  3633  3242   85.86224   42 1810   85.29952   86.12978  0.97%   401 12343s
  3678  3258   85.61701   42 1839   85.29952   86.12978  0.97%   400 12351s
  3731  3282   85.83090   43 1833   85.29952   86.12978  0.97%   397 12358s
  3798  3308   85.59278   43 1829   85.29952   86.12978  0.97%   393 12364s
  3875  3329   85.80891   44 1671   85.29952   86.12978  0.97%   387 12371s
  3958  3351   85.55605   44 1271   85.29952   86.11329  0.95%   381 12384s
  4042  3383   85.53230   46 1119   85.29952   86.10446  0.94%   376 12392s
  4154  3411   85.72941   52 1581   85.29952   86.10429  0.94%   369 12401s
  4250  3432   85.68360   57 1570   85.29952   86.10429  0.94%   364 12425s
  4353  3445   85.62031   63 1426   85.29952   86.09534  0.93%   359 12447s
  4439  3442   85.30349   69 1258   85.29952   86.09534  0.93%   357 12465s
  4522  3439     cutoff   78        85.29952   86.09534  0.93%   355 12479s
  4594  3441   85.37902   90  807   85.29952   86.03590  0.86%   355 12500s
  4667  3471   85.67005   38 4070   85.29952   86.03590  0.86%   356 12512s
  4751  3503   85.40355   41 2609   85.29952   86.03590  0.86%   355 12525s
  4860  3532   85.80771   39 1487   85.29952   86.03590  0.86%   353 12555s
  4990  3541   85.32645   53 1251   85.29952   86.03590  0.86%   349 12574s
  5111  3551   85.32329   50  883   85.29952   86.03590  0.86%   347 12598s
  5201  3579   85.42971   51 1105   85.29952   86.00264  0.82%   347 12615s
  5317  3637   85.60018   40 1947   85.29952   85.99610  0.82%   346 12672s
  5449  3738   85.45043   52 1650   85.29952   85.99610  0.82%   343 12688s
  5644  3826   85.62731   40 1033   85.29952   85.96795  0.78%   337 12707s
  5919  3837   85.37102   70  794   85.29952   85.96795  0.78%   327 12726s
  6133  3878   85.32686   61  920   85.29952   85.93490  0.74%   321 12745s
  6327  3921   85.77127   43 2651   85.29952   85.93490  0.74%   317 12764s
  6497  3980   85.62474   50 1644   85.29952   85.93250  0.74%   314 12788s
  6805  3946   85.35961   52  680   85.29952   85.91281  0.72%   307 12816s
  7027  3989   85.73817   44 2602   85.29952   85.89383  0.70%   305 12839s
  7179  4077   85.57717   57 2147   85.29952   85.89383  0.70%   304 12865s
  7398  4153   85.35247   75 1622   85.29952   85.88896  0.69%   301 12910s
  7630  4129     cutoff   48        85.29952   85.87497  0.67%   299 12957s
  7752  4119   85.52379   46 3291   85.29952   85.86439  0.66%   302 12983s
  7932  4158   85.78255   44 2223   85.29952   85.85809  0.65%   302 13015s
  8134  4250   85.31478   63 1854   85.29952   85.85788  0.65%   300 13051s
  8445  4248   85.66284   37 2862   85.29952   85.84720  0.64%   297 13090s
  8662  4275   85.52946   45 2725   85.29952   85.84720  0.64%   297 13138s
  8828  4385   85.66154   37 2180   85.29952   85.82460  0.62%   299 13179s
  9072  4456   85.36708   61 1701   85.29952   85.81906  0.61%   298 13251s
  9315  4610   85.39150   93  559   85.29952   85.81794  0.61%   295 13292s
  9678  4642   85.69675   45 1150   85.29952   85.81382  0.60%   291 13330s
  9938  4746   85.40866   67  719   85.29952   85.80296  0.59%   291 13371s
 10293  4835   85.42720   35 2993   85.29952   85.79261  0.58%   288 13419s
 10684  4856   85.64640   37 2629   85.29952   85.78131  0.56%   286 13471s
 10960  4882   85.71815   39 2973   85.29952   85.77797  0.56%   287 13518s
 11299  4819   85.48045   47 3233   85.29952   85.77797  0.56%   286 13567s
 11817  4827   85.44206   50 3020   85.29952   85.76258  0.54%   281 13621s
 12260  4811   85.40993   53 2215   85.29952   85.74819  0.53%   279 13672s
 12658  4924   85.62417   41 2962   85.29952   85.74058  0.52%   278 13731s
 13118  5077   85.31896   77  493   85.29952   85.72337  0.50%   277 13795s
 13484  5171     cutoff   38        85.29952   85.72277  0.50%   277 13939s
 13733  5322     cutoff   37        85.29952   85.72277  0.50%   276 14000s
 14213  5520   85.31907   43 4458   85.29952   85.70579  0.48%   275 14077s
 14784  5633     cutoff   52        85.29952   85.69229  0.46%   274 14151s
 15182  5816   85.42264   53 1939   85.29952   85.68516  0.45%   276 14224s
 15703  5996   85.33474   43 3383   85.29952   85.67480  0.44%   276 14306s
 16188  6168   85.33972   60 1229   85.29952   85.66880  0.43%   276 14387s
 16804  6333     cutoff   56        85.29952   85.65331  0.41%   276 14472s
 17451  6479   85.30334   69  786   85.29952   85.63913  0.40%   275 14555s
 18014  6543   85.39648   61 1440   85.29952   85.63221  0.39%   275 14668s
 18704  6585     cutoff   41        85.29952   85.62216  0.38%   276 14761s
 19194  6556   85.38547   43 3649   85.29952   85.61242  0.37%   280 14860s
 19713  6618   85.50033   43 1208   85.29952   85.60855  0.36%   284 14974s
 20435  6679   85.33405   46 1384   85.29952   85.58683  0.34%   288 15093s
 21256  6705   85.40297   37 3112   85.29952   85.57629  0.32%   289 15211s
 22020  6640     cutoff   70        85.29952   85.55475  0.30%   293 15339s
 22825  6446   85.30797   34 1031   85.29952   85.54311  0.29%   296 15467s
 23609  6122     cutoff   50        85.29952   85.52132  0.26%   299 15596s
 24422  5605   85.41980   46 1903   85.29952   85.50388  0.24%   302 15733s
 25514  4972     cutoff   83        85.29952   85.47062  0.20%   302 15859s
 26333  4972     cutoff   36        85.29952   85.46922  0.20%   300 15860s
 26746  4177     cutoff   71        85.29952   85.45164  0.18%   299 15967s
 27885  3304     cutoff   85        85.29952   85.42103  0.14%   297 16065s
 29008  2326     cutoff   91        85.29952   85.39608  0.11%   294 16136s
 30068  1252     cutoff   75        85.29952   85.37171  0.08%   289 16184s
 31205    71     cutoff   63        85.29952   85.34572  0.05%   282 16222s

Cutting planes:
  Gomory: 4
  Cover: 410
  Implied bound: 143
  Projected implied bound: 148
  Clique: 16
  MIR: 1031
  Mixing: 9
  StrongCG: 2
  Flow cover: 1304
  GUB cover: 581
  Inf proof: 8
  Zero half: 9
  RLT: 36
  Relax-and-lift: 132

Explored 32440 nodes (8998819 simplex iterations) in 16223.88 seconds (2584.64 work units)
Thread count was 12 (of 12 available processors)

Solution count 4: 85.2995 85.2837 84.8812 53.1431 

Optimal solution found (tolerance 1.00e-04)
Best objective 8.529951791206e+01, best bound 8.530433361845e+01, gap 0.0056%
