
Gurobi 12.0.0 (win64) logging started Fri Dec 12 21:25:47 2025

Set parameter LogFile to value "results\sol\OptMultipleDepth_False_0\log_NIA_3_3,3,3,3.txt"
Set parameter TimeLimit to value 18000
Set parameter MIPFocus to value 0
Set parameter NodefileStart to value 0.5
Gurobi Optimizer version 12.0.0 build v12.0.0rc1 (win64 - Windows 11.0 (26100.2))

CPU model: 12th Gen Intel(R) Core(TM) i5-12450H, instruction set [SSE2|AVX|AVX2]
Thread count: 8 physical cores, 12 logical processors, using up to 12 threads

Non-default parameters:
TimeLimit  18000
NodefileStart  0.5
Threads  12

Academic license 2625989 - for non-commercial use only - registered to aa___@up.edu.ph
Optimize a model with 105305 rows, 146050 columns and 597146 nonzeros
Model fingerprint: 0x4035f639
Model has 242 simple general constraints
  242 PWL
Variable types: 484 continuous, 145566 integer (145442 binary)
Coefficient statistics:
  Matrix range     [3e-01, 1e+03]
  Objective range  [4e-03, 4e-03]
  Bounds range     [1e+00, 1e+02]
  RHS range        [1e+00, 6e+00]
  PWLCon x range   [4e+02, 2e+03]
  PWLCon y range   [0e+00, 1e+02]
Presolve removed 53484 rows and 120 columns
Presolve time: 1.92s
Presolved: 51821 rows, 145930 columns, 485416 nonzeros
Variable types: 1694 continuous, 144236 integer (144228 binary)
Deterministic concurrent LP optimizer: primal and dual simplex
Showing primal log only...


Root simplex log...

Iteration    Objective       Primal Inf.    Dual Inf.      Time
   11034    8.5193271e+01   6.002169e+00   3.736561e+08      5s
Concurrent spin time: 0.57s (can be avoided by choosing Method=3)

Solved with dual simplex

Root simplex log...

Iteration    Objective       Primal Inf.    Dual Inf.      Time
   26700    9.8303490e+01   0.000000e+00   0.000000e+00      7s

Use crossover to convert LP symmetric solution to basic solution...

Root crossover log...

    1400 DPushes remaining with DInf 0.0000000e+00                 8s
       0 DPushes remaining with DInf 0.0000000e+00                 8s

   10492 PPushes remaining with PInf 0.0000000e+00                 8s
       0 PPushes remaining with PInf 0.0000000e+00                 8s

  Push phase complete: Pinf 0.0000000e+00, Dinf 2.7089196e-06      8s


Root simplex log...

Iteration    Objective       Primal Inf.    Dual Inf.      Time
   38478    9.8303490e+01   0.000000e+00   2.708920e-06      8s
   38479    9.8303490e+01   0.000000e+00   0.000000e+00      8s
   38479    9.8303490e+01   0.000000e+00   0.000000e+00      8s

Root relaxation: objective 9.830349e+01, 38479 iterations, 5.43 seconds (3.89 work units)

    Nodes    |    Current Node    |     Objective Bounds      |     Work
 Expl Unexpl |  Obj  Depth IntInf | Incumbent    BestBd   Gap | It/Node Time

     0     0   98.30349    0 1210          -   98.30349      -     -    9s
     0     0   94.83783    0 2641          -   94.83783      -     -   13s
H    0     0                      87.5377070   94.83783  8.34%     -   14s
H    0     0                      87.5526933   94.83783  8.32%     -   15s
H    0     0                      87.5526948   94.83783  8.32%     -   15s
H    0     0                      87.5526949   94.83783  8.32%     -   15s
H    0     0                      87.5737791   94.83783  8.29%     -   15s
H    0     0                      87.6081172   94.83783  8.25%     -   15s
H    0     0                      87.6081175   94.83783  8.25%     -   15s
H    0     0                      87.6081176   94.83783  8.25%     -   15s
H    0     0                      87.6081182   94.83783  8.25%     -   15s
H    0     0                      87.6081224   94.83783  8.25%     -   16s
H    0     0                      87.6081233   94.83783  8.25%     -   16s
H    0     0                      87.6081234   94.83783  8.25%     -   16s
     0     0   91.82281    0 2287   87.60812   91.82281  4.81%     -   26s
H    0     0                      87.6081284   91.82280  4.81%     -   28s
H    0     0                      87.6912011   91.82280  4.71%     -   28s
H    0     0                      87.6912011   91.82280  4.71%     -   28s
H    0     0                      87.6946149   91.82280  4.71%     -   28s
     0     0   91.30014    0 2479   87.69461   91.30014  4.11%     -   32s
     0     0   90.96167    0 2358   87.69461   90.96167  3.73%     -   33s
     0     0   90.96085    0 2384   87.69461   90.96085  3.72%     -   34s
H    0     0                      87.6946154   90.76173  3.50%     -   46s
     0     0   90.76173    0 3776   87.69462   90.76173  3.50%     -   47s
     0     0   90.74787    0 3967   87.69462   90.74787  3.48%     -   51s
     0     0   90.74712    0 3977   87.69462   90.74712  3.48%     -   52s
     0     0   90.74712    0 3986   87.69462   90.74712  3.48%     -   52s
     0     0   90.70597    0 4206   87.69462   90.70597  3.43%     -   67s
H    0     0                      87.6946156   90.69271  3.42%     -   73s
     0     0   90.69271    0 4443   87.69462   90.69271  3.42%     -   73s
     0     0   90.69111    0 4549   87.69462   90.69111  3.42%     -   74s
     0     0   90.69081    0 4566   87.69462   90.69081  3.42%     -   75s
H    0     0                      87.7565835   90.69081  3.34%     -   86s
H    0     0                      87.7577035   90.69081  3.34%     -   86s
H    0     0                      87.7577810   90.69081  3.34%     -   86s
H    0     0                      87.7579503   90.69081  3.34%     -   86s
H    0     0                      87.7579520   90.67019  3.32%     -   98s
H    0     0                      87.7579527   90.67019  3.32%     -   98s
H    0     0                      87.7579537   90.67019  3.32%     -   98s
H    0     0                      87.7579547   90.67019  3.32%     -   99s
     0     0   90.67019    0 4746   87.75795   90.67019  3.32%     -   99s
H    0     0                      87.7579560   90.65928  3.31%     -  111s
     0     0   90.65928    0 5167   87.75796   90.65928  3.31%     -  111s
     0     0   90.65774    0 5252   87.75796   90.65774  3.30%     -  115s
     0     0   90.65737    0 5320   87.75796   90.65737  3.30%     -  117s
H    0     0                      87.7579562   90.64247  3.29%     -  145s
     0     0   90.64247    0 5332   87.75796   90.64247  3.29%     -  145s
H    0     0                      87.7579562   90.64247  3.29%     -  147s
H    0     0                      87.7579573   90.63660  3.28%     -  159s
     0     0   90.63660    0 5628   87.75796   90.63660  3.28%     -  160s
H    0     0                      87.7579576   90.63466  3.28%     -  169s
H    0     0                      87.7579576   90.63466  3.28%     -  169s
     0     0   90.63466    0 5709   87.75796   90.63466  3.28%     -  169s
     0     0   90.63375    0 5864   87.75796   90.63375  3.28%     -  173s
     0     0   90.62497    0 5862   87.75796   90.62497  3.27%     -  205s
     0     0   90.62249    0 6031   87.75796   90.62249  3.26%     -  229s
     0     0   90.62076    0 6260   87.75796   90.62076  3.26%     -  242s
     0     0   90.61612    0 6402   87.75796   90.61612  3.26%     -  262s
     0     0   90.61545    0 6442   87.75796   90.61545  3.26%     -  272s
     0     0   90.60854    0 6479   87.75796   90.60854  3.25%     -  323s
     0     0   90.60560    0 6662   87.75796   90.60560  3.24%     -  343s
     0     0   90.60334    0 6789   87.75796   90.60334  3.24%     -  361s
     0     0   90.60169    0 6903   87.75796   90.60169  3.24%     -  382s
     0     0   90.60075    0 7071   87.75796   90.60075  3.24%     -  403s
     0     0   90.59414    0 6923   87.75796   90.59414  3.23%     -  446s
     0     0   90.59139    0 7132   87.75796   90.59139  3.23%     -  502s
     0     0   90.58976    0 7231   87.75796   90.58976  3.23%     -  522s
     0     0   90.58832    0 7383   87.75796   90.58832  3.23%     -  538s
     0     0   90.58240    0 7325   87.75796   90.58240  3.22%     -  586s
     0     0   90.58238    0 6877   87.75796   90.58238  3.22%     -  591s
     0     2   90.58226    0 6857   87.75796   90.58226  3.22%     -  635s
     1     4   90.57761    1 6536   87.75796   90.58226  3.22% 11058  646s
     3     8   90.55028    2 6690   87.75796   90.57813  3.21%  9766  664s
     7    16   90.51843    3 5912   87.75796   90.54948  3.18% 10345  685s
    15    28   90.49092    4 5881   87.75796   90.51783  3.14%  7942  724s
    27    65   90.47291    5 6649   87.75796   90.48837  3.11%  8231  761s
    64    78   90.42629    7 5818   87.75796   90.48381  3.11%  5358  801s
    77   122   90.41099    8 5805   87.75796   90.48381  3.11%  5546  826s
H  121   134                      87.7579577   90.48381  3.11%  4318  848s
   133   152   90.34521   12 5753   87.75796   90.48381  3.11%  4237  877s
   151   168   90.31075   14 5734   87.75796   90.48381  3.11%  4365  913s
H  167   180                      87.7579579   90.48381  3.11%  4470  936s
   179   192   90.27993   16 5672   87.75796   90.48381  3.11%  4620  962s
H  189   192                      87.7579580   90.48381  3.11%  4578  962s
   191   204   90.27802   17 5828   87.75796   90.48381  3.11%  4643  998s
   203   216   90.25571   18 5810   87.75796   90.48381  3.11%  4835 1021s
   215   228   90.23696   19 5830   87.75796   90.48381  3.11%  4841 1049s
   227   240   90.22988   20 5824   87.75796   90.48381  3.11%  4892 1078s
H  236   240                      87.7579580   90.48381  3.11%  4956 1078s
   239   252   89.86723   21 5212   87.75796   90.48381  3.11%  4962 1114s
   251   266   90.19357   21 5678   87.75796   90.48381  3.11%  5386 1158s
   265   276   90.21210   20 5994   87.75796   90.48381  3.11%  5745 1205s
   275   289   90.17203   22 5539   87.75796   90.48381  3.11%  5846 1237s
   288   301   90.15128   23 5489   87.75796   90.48381  3.11%  5972 1281s
   300   314   89.77793   24 5438   87.75796   90.48381  3.11%  5874 1309s
   313   329   90.12595   24 5470   87.75796   90.48381  3.11%  5778 1346s
   328   355   90.10158   25 5463   87.75796   90.48381  3.11%  5730 1375s
   354   395   90.08738   28 4813   87.75796   90.48381  3.11%  5522 1410s
   394   451   89.98855   32 4711   87.75796   90.48381  3.11%  5171 1446s
   450   496   89.93153   36 4686   87.75796   90.48381  3.11%  4825 1488s
   495   517   89.89260   37 4571   87.75796   90.48381  3.11%  4753 1526s
   518   551   89.83490   40 4461   87.75796   90.48381  3.11%  4724 1566s
H  531   551                      87.7579580   90.48381  3.11%  4678 1566s
   554   614   89.77071   43 5352   87.75796   90.48381  3.11%  4604 1608s
   617   670   89.39115   51 5295   87.75796   90.48381  3.11%  4369 1642s
   673   735   89.60358   55 4248   87.75796   90.48381  3.11%  4223 1700s
   738   800   89.47674   60 3953   87.75796   90.48381  3.11%  4087 1772s
   803   856   89.46666   61 3950   87.75796   90.48381  3.11%  3938 1836s
Created node file directory './grbnodes1'
   859   897 infeasible   64        87.75796   90.48381  3.11%  3863 1915s
   906   924   89.36210   65 3781   87.75796   90.48381  3.11%  3794 2003s
   935   985   89.33639   66 3762   87.75796   90.48381  3.11%  3769 2081s
   996  1028   89.23227   72 3679   87.75796   90.48381  3.11%  3725 2172s
  1039  1123   89.20374   73 3648   87.75796   90.48381  3.11%  3720 2246s
  1134  1209   89.08418   79 3524   87.75796   90.48381  3.11%  3584 2318s
  1220  1262   88.96609   86 3379   87.75796   90.48381  3.11%  3517 2403s
  1273  1340   88.90812   90 3108   87.75796   90.48381  3.11%  3463 2493s
  1353  1437   88.78957  101 2762   87.75796   90.48381  3.11%  3393 2581s
  1451  1555   88.67762  110 2649   87.75796   90.48381  3.11%  3340 2683s
  1576  1583   88.51697  118 2392   87.75796   90.48381  3.11%  3236 2862s
  1608  1691   88.47981  120 2336   87.75796   90.48381  3.11%  3215 2954s
  1732  1761   88.45320  132 2215   87.75796   90.48381  3.11%  3142 3057s
  1840  1862   88.36147  138 2068   87.75796   90.48381  3.11%  3104 3171s
  1959  1949   88.31758  147 1964   87.75796   90.48381  3.11%  3049 3303s
  2054  1962   88.26862  156 1890   87.75796   90.45666  3.08%  2987 3469s
  2055  1962   88.33049  150 2043   87.75796   90.45666  3.08%  2987 3470s
  2067  1993   88.26723  157 1848   87.75796   90.45666  3.08%  2983 3613s
  2106  2061   88.25604  158 1847   87.75796   90.45666  3.08%  2983 3734s
  2180  2181   88.23260  165 1772   87.75796   90.45666  3.08%  2985 3850s
  2320  2248   88.20541  174 1638   87.75796   90.45666  3.08%  2920 4002s
  2407  2291   88.18640  182 1578   87.75796   90.45666  3.08%  2880 4156s
  2490  2338   88.08710  192 1401   87.75796   90.45666  3.08%  2848 4300s
  2567  2443   88.01735  205 1175   87.75796   90.44229  3.06%  2838 4453s
  2689  2638   87.99070  222 1095   87.75796   90.44229  3.06%  2828 4599s
  2898  2800   87.90691  237  841   87.75796   90.44229  3.06%  2738 4769s
  3104  2889   87.83014  256  594   87.75796   90.44229  3.06%  2665 4934s
  3209  2890   88.90519   51 6877   87.75796   90.44229  3.06%  2734 5150s
  3211  2891   89.87291   10 2143   87.75796   90.44229  3.06%  2733 5186s
  3212  2892   89.25534   23 2082   87.75796   89.25534  1.71%  2732 5218s
  3213  2893   89.19848   36 2242   87.75796   89.19848  1.64%  2731 5224s
  3214  2893   89.15900   16 4005   87.75796   89.15900  1.60%  2730 5233s
  3215  2894   89.14875   30 4594   87.75796   89.14875  1.58%  2729 5244s
  3216  2895   89.14289   13 4951   87.75796   89.14289  1.58%  2728 5248s
  3217  2895   89.14153   10 5130   87.75796   89.14153  1.58%  2727 5251s
  3219  2897   89.11907   15 5294   87.75796   89.11907  1.55%  2726 5265s
  3220  2897   89.06510   31 5098   87.75796   89.06510  1.49%  2725 5305s
  3221  2898   89.03399   10 5220   87.75796   89.03399  1.45%  2724 5331s
  3222  2899   89.01340   40 5246   87.75796   89.01340  1.43%  2723 5347s
  3223  2899   89.00931   15 5293   87.75796   89.00931  1.43%  2722 5356s
  3224  2900   89.00739    7 5453   87.75796   89.00739  1.42%  2722 5362s
  3225  2901   89.00614   57 5544   87.75796   89.00614  1.42%  2721 5369s
  3226  2901   89.00562   23 5626   87.75796   89.00562  1.42%  2720 5383s
  3227  2902   88.95248   15 5571   87.75796   88.95248  1.36%  2719 5448s
  3228  2903   88.94099   22 5661   87.75796   88.94099  1.35%  2718 5456s
  3229  2903   88.93817   26 5758   87.75796   88.93817  1.34%  2717 5466s
  3230  2904   88.91714    4 5643   87.75796   88.91714  1.32%  2716 5494s
  3231  2905   88.91286   36 5697   87.75796   88.91286  1.32%  2716 5503s
  3232  2905   88.90648   23 5714   87.75796   88.90648  1.31%  2715 5514s
  3233  2906   88.90159   16 5738   87.75796   88.90159  1.30%  2714 5526s
  3234  2907   88.89828   60 5830   87.75796   88.89828  1.30%  2713 5535s
  3236  2908   88.89544   30 5956   87.75796   88.89544  1.30%  2711 5546s
  3237  2909   88.89397   29 6053   87.75796   88.89397  1.29%  2711 5552s
  3238  2909   88.89280   39 6066   87.75796   88.89280  1.29%  2710 5558s
  3239  2910   88.89212   41 6191   87.75796   88.89212  1.29%  2709 5598s
  3240  2911   88.85809   13 5842   87.75796   88.85809  1.25%  2708 5655s
  3241  2911   88.84925   11 5809   87.75796   88.84925  1.24%  2707 5667s
  3242  2912   88.84756   21 5899   87.75796   88.84756  1.24%  2706 5673s
  3243  2913   88.84221   49 5829   87.75796   88.84221  1.24%  2706 5688s
  3244  2913   88.83975   12 5921   87.75796   88.83975  1.23%  2705 5693s
  3245  2914   88.83423   28 5998   87.75796   88.83423  1.23%  2704 5700s
  3246  2915   88.83136   46 6041   87.75796   88.83136  1.22%  2703 5706s
  3247  2915   88.33714   64 6087   87.75796   88.82848  1.22%  2702 5712s
  3248  2916   88.34316   61 6106   87.75796   88.82602  1.22%  2701 5717s
  3249  2917   88.82423   37 6137   87.75796   88.82423  1.22%  2701 5722s
  3250  2917   88.82093   42 6157   87.75796   88.82093  1.21%  2700 5727s
  3251  2918   88.82042   11 6257   87.75796   88.82042  1.21%  2699 5754s
  3252  2919   88.36614   52 6025   87.75796   88.79686  1.18%  2698 5796s
  3253  2919   88.79354   55 6152   87.75796   88.79354  1.18%  2697 5801s
  3254  2920   88.78666   18 6057   87.75796   88.78666  1.17%  2696 5810s
  3255  2921   88.78209   11 6126   87.75796   88.78209  1.17%  2696 5815s
  3257  2922   88.77834   15 6209   87.75796   88.77834  1.16%  2694 5824s
  3258  2923   88.77689   54 6187   87.75796   88.77689  1.16%  2693 5831s
  3259  2923   88.77422   64 6259   87.75796   88.77422  1.16%  2692 5842s
  3260  2924   88.46750   73 6309   87.75796   88.77301  1.16%  2691 5849s
  3261  2925   88.77198   29 6429   87.75796   88.77198  1.16%  2691 5855s
  3262  2925   88.76954   22 6360   87.75796   88.76954  1.15%  2690 5863s
  3263  2926   88.76791   28 6372   87.75796   88.76791  1.15%  2689 5869s
  3264  2927   88.76694   30 6498   87.75796   88.76694  1.15%  2688 5874s
  3265  2927   88.76609   15 6523   87.75796   88.76609  1.15%  2687 5878s
  3266  2928   88.76448   38 6541   87.75796   88.76448  1.15%  2687 5885s
  3267  2929   88.44669   74 6604   87.75796   88.76291  1.15%  2686 5892s
  3268  2929   88.76212   43 6639   87.75796   88.76212  1.14%  2685 5898s
  3269  2930   88.61588   40 6663   87.75796   88.76108  1.14%  2684 5906s
  3270  2931   88.76066   13 6718   87.75796   88.76066  1.14%  2683 5936s
  3271  2931   88.20366   76 6497   87.75796   88.74051  1.12%  2682 6006s
H 3271  2783                      87.7579581   88.73935  1.12%  2682 6010s
  3273  2785   88.73392   12 6454   87.75796   88.73392  1.11%  2681 6023s
  3274  2785   88.73196   31 6472   87.75796   88.73196  1.11%  2680 6028s
  3275  2786   88.46192   67 6533   87.75796   88.73028  1.11%  2679 6034s
  3276  2787   88.72821   33 6579   87.75796   88.72821  1.11%  2678 6041s
  3277  2787   88.72596   50 6634   87.75796   88.72596  1.10%  2678 6052s
  3278  2788   88.72498   35 6701   87.75796   88.72498  1.10%  2677 6060s
  3279  2789   88.72238   15 6728   87.75796   88.72238  1.10%  2676 6067s
  3280  2789   88.72142   30 6801   87.75796   88.72142  1.10%  2675 6073s
  3281  2790   87.91667  225 6852   87.75796   88.72020  1.10%  2674 6082s
  3282  2791   88.71952   25 6890   87.75796   88.71952  1.10%  2673 6110s
  3283  2791   88.70711   13 6656   87.75796   88.70711  1.08%  2673 6165s
  3284  2792   88.70529   25 6669   87.75796   88.70529  1.08%  2672 6176s
  3285  2793   88.70414   48 6791   87.75796   88.70414  1.08%  2671 6186s
  3286  2793   88.70325   33 6846   87.75796   88.70325  1.08%  2670 6191s
  3287  2794   88.70229   17 6897   87.75796   88.70229  1.08%  2669 6197s
  3288  2795   88.70171   32 6946   87.75796   88.70171  1.08%  2669 6226s
  3289  2795   88.69555   22 6778   87.75796   88.69555  1.07%  2668 6266s
  3290  2796   88.69176   27 6684   87.75796   88.69176  1.06%  2667 6290s
  3291  2797   88.58364   67 6684   87.75796   88.69028  1.06%  2666 6304s
  3292  2797   88.68779   25 6693   87.75796   88.68779  1.06%  2665 6319s
  3293  2798   88.68547   26 6758   87.75796   88.68547  1.06%  2664 6329s
  3294  2799   88.68454   57 6833   87.75796   88.68454  1.06%  2664 6338s
  3295  2799   88.26685   83 6851   87.75796   88.68114  1.05%  2663 6349s
  3296  2800   88.68008   34 6866   87.75796   88.68008  1.05%  2662 6356s
  3297  2801   88.67950   33 6951   87.75796   88.67950  1.05%  2661 6385s
  3298  2801   88.65900   13 6799   87.75796   88.65900  1.03%  2660 6444s
  3299  2802   88.65866   34 6895   87.75796   88.65866  1.03%  2660 6451s
  3300  2803   88.65683   32 6952   87.75796   88.65683  1.02%  2659 6456s
  3301  2803   88.65581   54 7005   87.75796   88.65581  1.02%  2658 6463s
  3302  2804   88.65518   18 7067   87.75796   88.65518  1.02%  2657 6491s
  3303  2805   88.64966   48 6959   87.75796   88.64966  1.02%  2656 6535s
  3304  2805   88.64490   43 6858   87.75796   88.64490  1.01%  2656 6553s
  3305  2806   88.64335   34 6889   87.75796   88.64335  1.01%  2655 6559s
H 3305  2664                      87.7579582   88.64209  1.01%  2655 6566s
  3307  2665   88.64015   36 6966   87.75796   88.64015  1.01%  2653 6576s
  3308  2666   88.63857    8 7023   87.75796   88.63857  1.00%  2652 6586s
  3309  2667   88.63688   51 7051   87.75796   88.63688  1.00%  2652 6596s
  3310  2667   88.63609   25 7090   87.75796   88.63609  1.00%  2651 6604s
  3311  2668   88.63476   10 7157   87.75796   88.63476  1.00%  2650 6611s
  3312  2669   88.63377   23 7197   87.75796   88.63377  1.00%  2649 6618s
  3313  2669   88.63330   36 7269   87.75796   88.63330  1.00%  2648 6651s
  3314  2670   88.62886   16 7093   87.75796   88.62886  0.99%  2648 6695s
  3315  2671   88.62770   30 7145   87.75796   88.62770  0.99%  2647 6704s
  3316  2671   88.62679   13 7198   87.75796   88.62679  0.99%  2646 6712s
  3317  2672   88.62607   10 7279   87.75796   88.62607  0.99%  2645 6719s
  3318  2673   88.62540   18 7366   87.75796   88.62540  0.99%  2644 6753s
  3319  2673   88.62066   15 7298   87.75796   88.62066  0.98%  2644 6834s
  3320  2674   88.61545   31 7232   87.75796   88.61545  0.98%  2643 6855s
  3321  2675   88.61351   10 7234   87.75796   88.61351  0.97%  2642 6865s
  3322  2675   88.61107   40 7247   87.75796   88.61107  0.97%  2641 6882s
  3323  2676   88.60952   15 7382   87.75796   88.60952  0.97%  2640 6897s
  3324  2677   88.60874    7 7402   87.75796   88.60874  0.97%  2640 6906s
  3325  2677   88.60792   57 7473   87.75796   88.60792  0.97%  2639 6916s
  3326  2678   88.60692   23 7516   87.75796   88.60692  0.97%  2638 6927s
  3327  2679   88.60611   15 7521   87.75796   88.60611  0.97%  2637 6940s
  3328  2679   88.60557   22 7585   87.75796   88.60557  0.97%  2636 6974s
  3329  2680   88.59809   26 7469   87.75796   88.59809  0.96%  2636 7026s
  3330  2681   88.59717    4 7547   87.75796   88.59717  0.96%  2635 7032s
  3331  2681   88.59643   36 7617   87.75796   88.59643  0.96%  2634 7038s
  3332  2682   88.59594   23 7673   87.75796   88.59594  0.95%  2633 7073s
  3333  2683   88.59373   16 7559   87.75796   88.59373  0.95%  2633 7122s
  3334  2683   88.59060   60 7514   87.75796   88.59060  0.95%  2632 7142s
  3335  2684   88.58938   48 7555   87.75796   88.58938  0.95%  2631 7152s
  3336  2685   88.58804   30 7590   87.75796   88.58804  0.95%  2630 7163s
  3337  2685   88.58709   29 7576   87.75796   88.58709  0.94%  2629 7176s
  3338  2686   88.58624   39 7711   87.75796   88.58624  0.94%  2629 7192s
  3339  2687   88.58485   41 7750   87.75796   88.58485  0.94%  2628 7211s
  3340  2687   88.58410   13 7750   87.75796   88.58410  0.94%  2627 7220s
  3341  2688   88.58361   11 7763   87.75796   88.58361  0.94%  2626 7256s
  3342  2689   88.58135   21 7723   87.75796   88.58135  0.94%  2625 7397s
  3343  2689   88.58005   49 7705   87.75796   88.58005  0.94%  2625 7410s
  3344  2690   88.57919   12 7711   87.75796   88.57919  0.94%  2624 7419s
  3345  2691   88.57857   28 7766   87.75796   88.57857  0.94%  2623 7540s
  3346  2691   88.57517   46 7743   87.75796   88.57517  0.93%  2622 7686s
  3347  2692   88.33714   64 7821   87.75796   88.57484  0.93%  2622 7835s
  3348  2693   88.34316   61 7747   87.75796   88.57223  0.93%  2621 7895s
  3349  2693   88.57111   37 7714   87.75796   88.57111  0.93%  2620 7908s
  3350  2694   88.57032   42 7766   87.75796   88.57032  0.93%  2619 7918s
  3351  2695   88.56948   11 7777   87.75796   88.56948  0.92%  2618 7929s
  3352  2695   88.36614   52 7809   87.75796   88.56893  0.92%  2618 7967s
  3353  2696   88.56789   55 7759   87.75796   88.56789  0.92%  2617 8013s
  3356  2699   88.56789   54 6877   87.75796   88.56789  0.92%  2902 8016s
  3358  2700   88.56789   54 1711   87.75796   88.56789  0.92%  2901 8059s
  3359  2701   88.56789   64 3136   87.75796   88.56789  0.92%  2900 8096s
  3360  2702   88.46750   73 3827   87.75796   88.56789  0.92%  2899 8107s
  3361  2702   88.56789   29 4217   87.75796   88.56789  0.92%  2898 8120s
  3362  2703   88.56789   22 4647   87.75796   88.56789  0.92%  2897 8134s
  3363  2704   88.56789   28 4967   87.75796   88.56789  0.92%  2896 8146s
  3364  2704   88.56789   30 5208   87.75796   88.56789  0.92%  2896 8155s
  3365  2705   88.56789   15 5494   87.75796   88.56789  0.92%  2895 8164s
  3366  2706   88.56789   38 5769   87.75796   88.56789  0.92%  2894 8174s
  3367  2706   88.44669   74 6048   87.75796   88.56789  0.92%  2893 8193s
  3368  2707   88.56789   43 6285   87.75796   88.56789  0.92%  2892 8207s
  3369  2708   88.56789   40 6541   87.75796   88.56789  0.92%  2891 8227s
  3370  2708   88.56789   13 6746   87.75796   88.56789  0.92%  2890 8248s
  3371  2709   88.20366   76 6943   87.75796   88.56789  0.92%  2890 8260s
  3372  2710   88.56789   63 7083   87.75796   88.56789  0.92%  2889 8268s
  3373  2710   88.56785   12 7200   87.75796   88.56785  0.92%  2888 8300s
  3374  2711   88.56531   31 7140   87.75796   88.56531  0.92%  2887 8348s
  3375  2712   88.46192   67 7304   87.75796   88.56413  0.92%  2886 8361s
  3376  2712   88.56310   33 7381   87.75796   88.56310  0.92%  2885 8381s
  3377  2713   88.56216   50 7422   87.75796   88.56216  0.92%  2884 8394s
  3378  2714   88.56103   35 7491   87.75796   88.56103  0.92%  2884 8406s
  3379  2714   88.56087   15 7559   87.75796   88.56087  0.91%  2883 8440s
  3380  2715   88.55814   30 7383   87.75796   88.55814  0.91%  2882 8491s
  3381  2716   87.91667  225 7497   87.75796   88.55642  0.91%  2881 8504s
  3382  2716   88.55561   25 7586   87.75796   88.55561  0.91%  2880 8511s
  3383  2717   88.55475   13 7641   87.75796   88.55475  0.91%  2879 8529s
  3384  2718   88.55426   25 7730   87.75796   88.55426  0.91%  2878 8567s
H 3384  2581                      87.7579582   88.55341  0.91%  2878 8621s
  3385  2581   88.55340   48 7588   87.75796   88.55340  0.91%  2878 8625s
  3386  2582   88.55249   33 7649   87.75796   88.55249  0.91%  2877 8644s
  3387  2583   88.55161   17 7736   87.75796   88.55161  0.90%  2876 8662s
  3388  2583   88.55089   32 7796   87.75796   88.55089  0.90%  2875 8671s
  3389  2584   88.55019   22 7842   87.75796   88.55019  0.90%  2874 8683s
  3390  2585   88.54949   27 7885   87.75796   88.54949  0.90%  2873 8726s
  3391  2585   88.54824   67 7918   87.75796   88.54824  0.90%  2872 8769s
  3392  2586   88.54780   25 7990   87.75796   88.54780  0.90%  2872 8805s
  3393  2587   88.54678   26 7776   87.75796   88.54678  0.90%  2871 8871s
  3394  2587   88.54600   57 7810   87.75796   88.54600  0.90%  2870 8878s
  3395  2588   88.26685   83 7857   87.75796   88.54533  0.90%  2869 8916s
  3396  2589   88.54433   34 7772   87.75796   88.54433  0.90%  2868 8965s
  3397  2589   88.54433   33 7759   87.75796   88.54433  0.90%  2867 9000s
  3398  2590   88.54424   13 7759   87.75796   88.54424  0.90%  2867 9103s
  3399  2594   88.52922   28 7646   87.75796   88.54341  0.90%  2970 9146s
  3401  2597   88.52415   29 7653   87.75796   88.52848  0.88%  2974 9212s
  3405  2602   88.51532   30 7593   87.75796   88.52222  0.87%  2986 9290s
  3413  2609   88.50424   31 7612   87.75796   88.51362  0.86%  3005 9376s
  3425  2631   88.48901   32 7565   87.75796   88.50318  0.85%  3027 9499s
  3458  2648   88.14743   33 7483   87.75796   88.47826  0.82%  3032 9576s
  3490  2653   88.46943   34 7502   87.75796   88.46943  0.81%  3027 9658s
  3518  2652   88.45649   35 7448   87.75796   88.46942  0.81%  3029 9756s
  3537  2661   88.20035   35 7419   87.75796   88.45646  0.80%  3030 9829s
  3559  2658   88.44428   36 7412   87.75796   88.45623  0.80%  3029 10026s
  3572  2659   88.17782   36 7483   87.75796   88.44420  0.78%  3039 10118s
  3583  2665   88.43383   37 7477   87.75796   88.44420  0.78%  3059 10207s
  3595  2679   88.08829   37 7405   87.75796   88.43370  0.77%  3073 10275s
  3617  2695   88.42104   38 7329   87.75796   88.42941  0.77%  3077 10351s
  3645  2695   88.08821   38 7414   87.75796   88.42036  0.75%  3068 10432s
  3670  2688   88.09344   39 7235   87.75796   88.41051  0.74%  3073 10520s
  3680  2697   88.08258   40 7139   87.75796   88.41051  0.74%  3087 10775s
  3708  2692     cutoff   41        87.75796   88.39846  0.73%  3111 10872s
  3720  2703   88.05400   42 7384   87.75796   88.39655  0.73%  3150 10955s
  3752  2698   88.04314   43 7306   87.75796   88.39655  0.73%  3182 11051s
  3769  2713   88.03277   44 7357   87.75796   88.39655  0.73%  3193 11131s
  3813  2717     cutoff   45        87.75796   88.39655  0.73%  3197 11226s
  3852  2732   88.00054   47 7240   87.75796   88.39655  0.73%  3188 11308s
  3916  2734   87.97688   49 7190   87.75796   88.39655  0.73%  3171 11401s
  3959  2740   87.96592   50 7140   87.75796   88.39655  0.73%  3172 11496s
  4008  2751   87.88199   54 6512   87.75796   88.39655  0.73%  3187 11601s
  4063  2765     cutoff   56        87.75796   88.37014  0.70%  3173 11701s
  4135  2746     cutoff   42        87.75796   88.37014  0.70%  3158 11809s
  4174  2760     cutoff   45        87.75796   88.37014  0.70%  3149 11999s
  4239  2762   87.94470   53 6934   87.75796   88.33544  0.66%  3143 12107s
  4287  2775   87.89298   58 6466   87.75796   88.32666  0.65%  3188 12317s
  4377  2791   87.87507   60 6513   87.75796   88.32666  0.65%  3194 12428s
  4445  2792   87.79390   72 6134   87.75796   88.32666  0.65%  3228 12585s
  4496  2799   87.76076   80 4883   87.75796   88.32666  0.65%  3235 12734s
  4571  2813   87.93295   66 6202   87.75796   88.30860  0.63%  3237 12892s
  4632  2840   87.90454   72 4901   87.75796   88.30860  0.63%  3233 13083s
  4727  2854   87.85299   86 4326   87.75796   88.30860  0.63%  3229 13265s
  4819  2868   87.81801   97 4222   87.75796   88.30860  0.63%  3263 13428s
  4904  2863   87.81312  112 3988   87.75796   88.20937  0.51%  3290 13606s
  4967  2875   87.80348  125 4097   87.75796   88.20937  0.51%  3306 13882s
  5052  2865   87.78405  149 3794   87.75796   88.20073  0.50%  3319 14103s
  5092  2860   87.78115  152 3707   87.75796   88.20073  0.50%  3347 14408s
  5146  2842     cutoff  156        87.75796   88.20073  0.50%  3368 14674s
  5163  2863 infeasible   61        87.75796   88.18056  0.48%  3403 14906s
  5220  2850   88.10245   62 5918   87.75796   88.18056  0.48%  3422 15164s
  5251  2854   87.85774   62 5920   87.75796   88.18056  0.48%  3468 15390s
  5313  2851   87.82475   70 5601   87.75796   88.17310  0.47%  3473 15557s
  5356  2898   87.82104   71 5583   87.75796   88.17310  0.47%  3493 15797s
  5455  2967   87.82499   41 8104   87.75796   88.16878  0.47%  3470 16033s
  5597  3066   87.77939   45 7695   87.75796   88.14944  0.45%  3433 16234s
  5767  3111 infeasible   47        87.75796   88.14738  0.44%  3371 16496s
  5916  3151     cutoff   58        87.75796   88.14676  0.44%  3324 16917s
  6062  3105   88.10741   35 8323   87.75796   88.14676  0.44%  3284 17269s
  6133  3088   88.08192   37 8244   87.75796   88.14676  0.44%  3301 17640s
  6167  3152   88.05968   39 8147   87.75796   88.14628  0.44%  3324 17954s
  6194  3143   88.10427   35 8688   87.75796   88.13164  0.43%  3337 17955s
  6287  3123 infeasible   38        87.75796   88.13164  0.43%  3317 18000s

Cutting planes:
  Gomory: 1
  Cover: 46
  Implied bound: 181
  Projected implied bound: 1034
  Clique: 1
  MIR: 4899
  Mixing: 20
  StrongCG: 3
  Flow cover: 1416
  GUB cover: 379
  Inf proof: 3
  Zero half: 66
  RLT: 259
  Relax-and-lift: 1068

Explored 6303 nodes (21253312 simplex iterations) in 18001.33 seconds (6528.51 work units)
Thread count was 12 (of 12 available processors)

Solution count 10: 87.758 87.758 87.758 ... 87.758

Time limit reached
Warning: max constraint violation (2.2485e-05) exceeds tolerance
Warning: max general constraint violation (2.2485e-05) exceeds tolerance
Best objective 8.775795823786e+01, best bound 8.813163810491e+01, gap 0.4258%
