
Gurobi 12.0.0 (win64) logging started Sat Dec 13 16:01:53 2025

Set parameter LogFile to value "results\sol\OptMultipleDepth_False_0\log_NIA_21_3,3,3,3.txt"
Set parameter TimeLimit to value 18000
Set parameter MIPFocus to value 0
Set parameter NodefileStart to value 0.5
Gurobi Optimizer version 12.0.0 build v12.0.0rc1 (win64 - Windows 11.0 (26100.2))

CPU model: 12th Gen Intel(R) Core(TM) i5-12450H, instruction set [SSE2|AVX|AVX2]
Thread count: 8 physical cores, 12 logical processors, using up to 12 threads

Non-default parameters:
TimeLimit  18000
NodefileStart  0.5
Threads  12

Academic license 2625989 - for non-commercial use only - registered to aa___@up.edu.ph
Optimize a model with 145394 rows, 172200 columns and 745532 nonzeros
Model fingerprint: 0x9b80dbe6
Model has 215 simple general constraints
  215 PWL
Variable types: 430 continuous, 171770 integer (171570 binary)
Coefficient statistics:
  Matrix range     [3e-01, 2e+03]
  Objective range  [5e-03, 5e-03]
  Bounds range     [1e+00, 1e+02]
  RHS range        [1e+00, 4e+00]
  PWLCon x range   [4e+02, 2e+03]
  PWLCon y range   [0e+00, 1e+02]
Presolve removed 78261 rows and 1892 columns
Presolve time: 3.90s
Presolved: 67133 rows, 170308 columns, 581342 nonzeros
Variable types: 1505 continuous, 168803 integer (168790 binary)
Deterministic concurrent LP optimizer: primal simplex, dual simplex, and barrier
Showing barrier log only...

Root barrier log...

Ordering time: 0.29s

Barrier statistics:
 Dense cols : 144
 AA' NZ     : 2.160e+05
 Factor NZ  : 4.760e+05 (roughly 70 MB of memory)
 Factor Ops : 1.342e+07 (less than 1 second per iteration)
 Threads    : 9

                  Objective                Residual
Iter       Primal          Dual         Primal    Dual     Compl     Time
   0  -6.23926636e+02  4.61382407e+03  2.24e+03 1.06e-03  2.99e-01     7s
   1  -5.81800997e+02  3.22222900e+03  2.08e+03 2.87e-02  2.18e-01     7s
   2  -4.25994892e+02  1.52402478e+03  1.45e+03 2.71e-03  1.52e-01     7s
   3  -8.10211920e+01  1.04840243e+03  3.57e+02 1.79e-11  3.95e-02     7s
   4   5.20300516e+00  6.75278751e+02  1.98e+02 2.02e-11  2.13e-02     8s
   5   5.25426913e+01  5.21056788e+02  1.08e+02 1.45e-11  1.15e-02     8s
   6   8.41344282e+01  3.89969365e+02  2.80e+01 1.18e-11  3.47e-03     8s
   7   9.26369240e+01  2.96816224e+02  8.52e+00 7.46e-12  1.38e-03     8s
   8   9.61718034e+01  1.55488027e+02  4.10e-01 1.37e-13  2.45e-04     8s
   9   9.68599719e+01  1.20338510e+02  1.64e-02 5.00e-14  9.18e-05     8s
  10   9.74704290e+01  1.08263468e+02  2.64e-05 2.32e-14  4.21e-05     8s
  11   9.80453391e+01  1.01716149e+02  7.71e-09 7.23e-15  1.43e-05     8s
  12   9.82783760e+01  1.00240460e+02  3.86e-09 3.50e-15  7.66e-06     8s
  13   9.84644754e+01  9.97236137e+01  2.51e-09 2.17e-15  4.91e-06     9s
  14   9.87009868e+01  9.94754697e+01  9.93e-10 1.65e-15  3.02e-06     9s
  15   9.87917562e+01  9.92683348e+01  6.38e-10 9.51e-16  1.86e-06     9s
  16   9.88393519e+01  9.92243150e+01  4.82e-10 8.45e-16  1.50e-06     9s
  17   9.88620803e+01  9.91910453e+01  4.18e-10 7.10e-16  1.28e-06     9s
  18   9.88768740e+01  9.91833883e+01  3.80e-10 6.57e-16  1.20e-06     9s
  19   9.89193639e+01  9.91561113e+01  2.90e-10 5.02e-16  9.24e-07     9s
  20   9.89675111e+01  9.91363019e+01  1.92e-10 3.88e-16  6.59e-07     9s
  21   9.89892463e+01  9.91239141e+01  1.52e-10 3.01e-16  5.26e-07    10s
  22   9.90154929e+01  9.91148755e+01  1.11e-10 2.41e-16  3.88e-07    10s
  23   9.90424695e+01  9.91027715e+01  7.13e-11 1.99e-14  2.35e-07    10s
  24   9.90546857e+01  9.90980038e+01  5.55e-11 8.51e-15  1.69e-07    10s
  25   9.90857818e+01  9.90952364e+01  1.12e-11 2.53e-14  3.69e-08    10s
  26   9.90907777e+01  9.90950369e+01  5.14e-12 4.79e-14  1.66e-08    10s
  27   9.90941146e+01  9.90946581e+01  1.56e-12 1.04e-14  2.12e-09    10s
  28   9.90945914e+01  9.90946016e+01  5.45e-13 5.52e-14  3.98e-11    10s
  29   9.90945938e+01  9.90945938e+01  4.15e-12 1.39e-13  5.73e-14    11s

Barrier solved model in 29 iterations and 10.59 seconds (4.91 work units)
Optimal objective 9.90945938e+01


Root crossover log...

   46612 DPushes remaining with DInf 1.0691911e-05                11s
       0 DPushes remaining with DInf 2.3941200e-06                12s

     111 PPushes remaining with PInf 2.9517888e-06                12s
       0 PPushes remaining with PInf 0.0000000e+00                12s

  Push phase complete: Pinf 0.0000000e+00, Dinf 2.3941200e-06     12s


Root simplex log...

Iteration    Objective       Primal Inf.    Dual Inf.      Time
   10890    9.9094594e+01   0.000000e+00   2.394120e-06     12s
   10892    9.9094594e+01   0.000000e+00   0.000000e+00     12s
Concurrent spin time: 0.00s

Solved with barrier

Use crossover to convert LP symmetric solution to basic solution...

Root crossover log...

     944 DPushes remaining with DInf 0.0000000e+00                12s
       0 DPushes remaining with DInf 8.7104856e-06                12s

    3246 PPushes remaining with PInf 0.0000000e+00                12s
       0 PPushes remaining with PInf 0.0000000e+00                12s

  Push phase complete: Pinf 0.0000000e+00, Dinf 4.0192895e-05     12s


Root simplex log...

Iteration    Objective       Primal Inf.    Dual Inf.      Time
   14855    9.9094594e+01   0.000000e+00   4.019290e-05     12s
   14870    9.9094594e+01   0.000000e+00   0.000000e+00     12s
   14870    9.9094594e+01   0.000000e+00   0.000000e+00     13s

Root relaxation: objective 9.909459e+01, 14870 iterations, 7.46 seconds (1.81 work units)

    Nodes    |    Current Node    |     Objective Bounds      |     Work
 Expl Unexpl |  Obj  Depth IntInf | Incumbent    BestBd   Gap | It/Node Time

     0     0   99.09459    0 1075          -   99.09459      -     -   14s
     0     0   97.64077    0 1018          -   97.64077      -     -   15s
H    0     0                      88.3748851   97.64077  10.5%     -   18s
H    0     0                      88.3751284   97.64077  10.5%     -   19s
H    0     0                      88.4080030   97.64077  10.4%     -   22s
     0     0   92.15494    0  872   88.40800   92.15494  4.24%     -   48s
     0     0   92.09597    0 2778   88.40800   92.09597  4.17%     -   54s
     0     0   92.09597    0 2781   88.40800   92.09597  4.17%     -   56s
     0     0   91.91802    0 3273   88.40800   91.91802  3.97%     -   78s
     0     0   91.90264    0 3331   88.40800   91.90264  3.95%     -   84s
     0     0   91.90169    0 3377   88.40800   91.90169  3.95%     -   89s
     0     0   91.90169    0 3380   88.40800   91.90169  3.95%     -   89s
H    0     0                      88.4080031   91.90169  3.95%     -  103s
     0     0   91.84885    0 3926   88.40800   91.84885  3.89%     -  119s
     0     0   91.82146    0 3512   88.40800   91.82146  3.86%     -  129s
     0     0   91.81997    0 3607   88.40800   91.81997  3.86%     -  130s
     0     0   91.81981    0 4025   88.40800   91.81981  3.86%     -  131s
     0     0   91.75765    0 4135   88.40800   91.75765  3.79%     -  162s
     0     0   91.74168    0 4354   88.40800   91.74168  3.77%     -  172s
     0     0   91.74063    0 4439   88.40800   91.74063  3.77%     -  175s
     0     0   91.74028    0 4448   88.40800   91.74028  3.77%     -  177s
     0     0   91.71408    0 4440   88.40800   91.71408  3.74%     -  208s
     0     0   91.70593    0 4758   88.40800   91.70593  3.73%     -  220s
     0     0   91.70502    0 4833   88.40800   91.70502  3.73%     -  224s
     0     0   91.67595    0 4933   88.40800   91.67595  3.70%     -  266s
     0     0   91.67141    0 5170   88.40800   91.67141  3.69%     -  302s
     0     0   91.67019    0 5261   88.40800   91.67019  3.69%     -  309s
     0     0   91.66984    0 5314   88.40800   91.66984  3.69%     -  312s
     0     0   91.64736    0 5250   88.40800   91.64736  3.66%     -  366s
     0     0   91.64259    0 5455   88.40800   91.64259  3.66%     -  403s
     0     0   91.64140    0 5558   88.40800   91.64140  3.66%     -  419s
     0     0   91.59640    0 5802   88.40800   91.59640  3.61%     -  527s
     0     0   91.59219    0 5989   88.40800   91.59219  3.60%     -  596s
     0     0   91.59123    0 6024   88.40800   91.59123  3.60%     -  616s
     0     0   91.57784    0 6026   88.40800   91.57784  3.59%     -  692s
     0     0   91.57347    0 6228   88.40800   91.57347  3.58%     -  715s
     0     0   91.57236    0 6334   88.40800   91.57236  3.58%     -  723s
     0     0   91.56178    0 6333   88.40800   91.56178  3.57%     -  772s
     0     0   91.55918    0 6541   88.40800   91.55918  3.56%     -  799s
     0     0   91.55801    0 6672   88.40800   91.55801  3.56%     -  812s
     0     0   91.55082    0 6930   88.40800   91.55082  3.55%     -  867s
H    0     0                      88.4080032   91.54873  3.55%     -  940s
     0     0   91.54873    0 7105   88.40800   91.54873  3.55%     -  941s
     0     0   91.54795    0 7218   88.40800   91.54795  3.55%     -  972s
     0     0   91.54084    0 7102   88.40800   91.54084  3.54%     - 1080s
     0     0   91.54048    0 6899   88.40800   91.54048  3.54%     - 1088s
     0     2   91.54048    0 6867   88.40800   91.54048  3.54%     - 1220s
     1     4   91.48112    1 6158   88.40800   91.51543  3.51% 12069 1248s
     3     8   91.44133    2 6114   88.40800   91.47595  3.47% 10594 1327s
     7    16   91.40462    3 6008   88.40800   91.43775  3.43% 12145 1523s
    15    28   91.37150    4 6086   88.40800   91.40345  3.39% 14204 1684s
    27    44   91.32499    5 5719   88.40800   91.37079  3.35% 13991 1954s
    43    72   91.27785    6 5700   88.40800   91.37079  3.35% 16172 2184s
    71   111   91.17416    9 4540   88.40800   91.37079  3.35% 12288 2295s
   110   153   91.06574   13 4921   88.40800   91.37079  3.35%  9764 2351s
   152   200   90.97322   17 4654   88.40800   91.37079  3.35%  7908 2398s
   199   238   90.87251   22 4382   88.40800   91.37079  3.35%  6587 2438s
   237   274   90.42958   24 3619   88.40800   91.37079  3.35%  5931 2481s
   273   305   90.77743   27 4909   88.40800   91.37079  3.35%  5532 2515s
   304   334   90.73381   29 4869   88.40800   91.37079  3.35%  5246 2546s
   333   370   90.69224   31 4367   88.40800   91.37079  3.35%  5029 2579s
   369   415   90.61289   36 4281   88.40800   91.37079  3.35%  4752 2606s
   414   477   90.52734   42 4286   88.40800   91.37079  3.35%  4403 2632s
   476   532   90.42445   47 3352   88.40800   91.37079  3.35%  3982 2662s
   531   605   90.36685   51 3268   88.40800   91.37079  3.35%  3670 2688s
   604   683   89.87160   58 3156   88.40800   91.37079  3.35%  3341 2717s
   682   743   90.15297   67 3003   88.40800   91.37079  3.35%  3056 2750s
   742   755   90.12809   68 2956   88.40800   91.37079  3.35%  2903 2808s
Created node file directory './grbnodes1'
   754   767   90.09875   69 2938   88.40800   91.37079  3.35%  2868 2915s
   766   779   90.07478   70 2904   88.40800   91.37079  3.35%  2839 2954s
   778   791   90.05634   71 2866   88.40800   91.37079  3.35%  2813 2993s
   790   803   90.03708   72 2839   88.40800   91.37079  3.35%  2784 3039s
   802   833   90.00208   73 2811   88.40800   91.37079  3.35%  2766 3082s
   832   921   89.98219   74 2776   88.40800   91.37079  3.35%  2702 3123s
   924  1078   89.79748   85 2548   88.40800   91.37079  3.35%  2475 3158s
  1086  1226   89.66106   98 2441   88.40800   91.37079  3.35%  2162 3197s
  1250  1387   88.93805  114 2191   88.40800   91.37079  3.35%  1939 3232s
  1433  1528   89.16259  125 2040   88.40800   91.37079  3.35%  1741 3271s
  1625  1641   88.84896  142 1780   88.40800   91.37079  3.35%  1587 3317s
  1788  1689   88.65381  162 1756   88.40800   91.37079  3.35%  1489 3382s
  1884  1700   88.49979  189 1450   88.40800   91.37079  3.35%  1470 3442s
  1895  1718   88.49754  190 1508   88.40800   91.37079  3.35%  1486 3522s
  1958  1746   90.65437   14 5202   88.40800   91.37079  3.35%  1499 3570s
  1986  1791   90.62083   15 5181   88.40800   91.37079  3.35%  1532 3624s
  2031  1850   90.52345   18 5006   88.40800   91.37079  3.35%  1558 3672s
  2095  1851   91.26267    6 6899   88.40800   91.37079  3.35%  1563 4000s
  2097  1852   90.09374   22 2478   88.40800   91.37079  3.35%  1561 4041s
  2098  1853   90.51509   18 2618   88.40800   91.12098  3.07%  1561 4084s
  2099  1854   89.63316   99 3542   88.40800   91.04250  2.98%  1560 4102s
  2100  1854   90.97979    5 4137   88.40800   90.97979  2.91%  1559 4120s
  2101  1855   90.00055   11 4716   88.40800   90.94529  2.87%  1558 4143s
  2102  1856   90.10239   29 5019   88.40800   90.93856  2.86%  1558 4154s
  2103  1856   90.63783   31 5115   88.40800   90.93476  2.86%  1557 4164s
  2104  1857   89.71049   36 5200   88.40800   90.93397  2.86%  1556 4178s
  2105  1858   88.82829   62 5476   88.40800   90.88857  2.81%  1555 4247s
  2106  1858   89.84718   35 5546   88.40800   90.85934  2.77%  1555 4284s
  2107  1859   89.87633   57 5705   88.40800   90.84767  2.76%  1554 4306s
  2108  1860   90.02394   39 5924   88.40800   90.84034  2.75%  1553 4325s
  2109  1860   90.64935   16 6002   88.40800   90.83175  2.74%  1552 4339s
  2110  1861   90.18578   20 6121   88.40800   90.83062  2.74%  1552 4347s
  2111  1862   90.63783   31 6170   88.40800   90.83005  2.74%  1551 4363s
  2112  1862   89.97689   31 5968   88.40800   90.79121  2.70%  1550 4425s
  2113  1863   90.43223   41 6472   88.40800   90.75596  2.66%  1549 4483s
  2114  1864   89.91502   33 6476   88.40800   90.73253  2.63%  1549 4531s
  2115  1864   88.83601   47 6627   88.40800   90.72295  2.62%  1548 4572s
  2116  1865   90.00843   27 6818   88.40800   90.71651  2.61%  1547 4604s
  2117  1866   89.80162   35 6941   88.40800   90.70026  2.59%  1547 4656s
  2118  1866   90.43646   25 7010   88.40800   90.69731  2.59%  1546 4682s
  2119  1867   90.27111   15 7110   88.40800   90.69572  2.59%  1545 4697s
  2120  1868   90.58234   22 7166   88.40800   90.69491  2.59%  1544 4719s
  2121  1868   89.96281   14 6936   88.40800   90.67705  2.57%  1544 4800s
  2122  1869   90.59665   37 6897   88.40800   90.65948  2.55%  1543 4865s
  2123  1870   89.98400   47 6797   88.40800   90.65230  2.54%  1542 4911s
  2124  1870   90.33165   13 7006   88.40800   90.64861  2.53%  1541 4951s
  2125  1871   90.46055   16 7094   88.40800   90.64485  2.53%  1541 4991s
  2126  1872   90.46279   21 7211   88.40800   90.64170  2.53%  1540 5024s
  2127  1872   89.73387   45 7345   88.40800   90.63957  2.52%  1539 5061s
  2128  1873   89.71734   54 7475   88.40800   90.63761  2.52%  1539 5095s
  2129  1874   89.89214   29 7560   88.40800   90.63626  2.52%  1538 5119s
  2130  1874   90.11607   41 7606   88.40800   90.63454  2.52%  1537 5150s
  2131  1875   90.10239   29 7712   88.40800   90.63399  2.52%  1536 5182s
  2132  1876   89.76647   40 7238   88.40800   90.61952  2.50%  1536 5283s
  2133  1876   89.75326   68 7248   88.40800   90.60066  2.48%  1535 5364s
  2134  1877   90.18977   16 7255   88.40800   90.59488  2.47%  1534 5407s
  2135  1878   90.37779   27 7332   88.40800   90.59127  2.47%  1533 5440s
  2136  1878   89.97441   29 7440   88.40800   90.58884  2.47%  1533 5478s
  2137  1879   90.50741    8 7518   88.40800   90.58672  2.46%  1532 5517s
  2138  1880   89.86723   34 7615   88.40800   90.58499  2.46%  1531 5543s
  2139  1880   90.58361   13 7684   88.40800   90.58361  2.46%  1531 5576s
  2140  1881   90.58242   11 7820   88.40800   90.58242  2.46%  1530 5607s
  2141  1882   89.62241   44 7882   88.40800   90.58141  2.46%  1529 5635s
  2142  1882   90.58048   17 7994   88.40800   90.58048  2.46%  1528 5668s
  2143  1883   89.70299   92 8080   88.40800   90.57975  2.46%  1528 5715s
  2144  1884   88.63860   37 7750   88.40800   90.56949  2.44%  1527 5852s
  2145  1884   89.69057   41 7795   88.40800   90.56620  2.44%  1526 5916s
  2146  1885   90.50036   20 7801   88.40800   90.56123  2.44%  1526 5986s
  2147  1886   90.21518   33 7798   88.40800   90.55920  2.43%  1525 6038s
  2148  1886   89.62487   73 7921   88.40800   90.55755  2.43%  1524 6074s
  2149  1887   90.17327   37 8005   88.40800   90.55600  2.43%  1523 6109s
H 2149  1791                      88.4080034   90.55449  2.43%  1523 6155s
  2151  1792   90.49838    6 8140   88.40800   90.55335  2.43%  1522 6187s
  2152  1793   90.04424   24 8189   88.40800   90.55224  2.43%  1521 6225s
  2153  1794   90.39181   11 8218   88.40800   90.55127  2.42%  1521 6263s
  2154  1794   89.70103   22 8310   88.40800   90.55051  2.42%  1520 6310s
  2155  1795   89.66800   46 8266   88.40800   90.54547  2.42%  1519 6413s
  2156  1796   90.07489   38 8309   88.40800   90.54231  2.41%  1519 6473s
  2157  1796   89.95913   28 8338   88.40800   90.54024  2.41%  1518 6513s
  2158  1797   89.85445   34 8409   88.40800   90.53856  2.41%  1517 6546s
  2159  1798   90.04152   25 8501   88.40800   90.53727  2.41%  1516 6581s
  2160  1798   90.53622   21 8531   88.40800   90.53622  2.41%  1516 6617s
  2161  1799   90.49913   23 8610   88.40800   90.53527  2.41%  1515 6655s
  2162  1800   89.19729   44 8678   88.40800   90.53451  2.41%  1514 6711s
  2163  1800   89.02161   33 8467   88.40800   90.53007  2.40%  1514 6850s
  2164  1801   90.21502   17 8491   88.40800   90.52754  2.40%  1513 6934s
  2165  1802   90.52618   17 8544   88.40800   90.52618  2.40%  1512 6985s
  2166  1802   90.45450   42 8588   88.40800   90.52496  2.39%  1512 7047s
  2167  1803   89.99152   12 8689   88.40800   90.52385  2.39%  1511 7094s
  2168  1804   90.30216   13 8710   88.40800   90.52268  2.39%  1510 7145s
  2169  1804   90.00984   11 8795   88.40800   90.52190  2.39%  1509 7197s
  2170  1805   89.72765   24 8621   88.40800   90.51921  2.39%  1509 7333s
  2171  1806   89.63052   45 8673   88.40800   90.51672  2.39%  1508 7398s
  2172  1806   90.07218   25 8711   88.40800   90.51505  2.38%  1507 7457s
  2173  1807   90.51386   14 8772   88.40800   90.51386  2.38%  1507 7514s
  2174  1808   90.13253   25 8817   88.40800   90.51301  2.38%  1506 7574s
  2175  1808   90.51104   14 8621   88.40800   90.51104  2.38%  1505 7672s
  2176  1809   90.24929   14 8709   88.40800   90.50969  2.38%  1505 7714s
  2177  1810   90.07343   40 8769   88.40800   90.50834  2.38%  1504 7759s
  2178  1810   89.75471   42 8841   88.40800   90.50716  2.37%  1503 7799s
  2179  1811   89.63778   47 8892   88.40800   90.50622  2.37%  1503 7835s
  2180  1812   89.77303   64 8938   88.40800   90.50526  2.37%  1502 7876s
  2181  1812   89.62487   73 8983   88.40800   90.50437  2.37%  1501 7915s
  2182  1813   88.46235   78 9054   88.40800   90.50362  2.37%  1500 7968s
  2183  1814   90.27042   16 8889   88.40800   90.50085  2.37%  1500 8082s
  2184  1814   90.50011   10 8925   88.40800   90.50011  2.37%  1499 8118s
  2185  1815   89.98132   13 8967   88.40800   90.49900  2.37%  1498 8172s
  2186  1816   90.49833    8 9015   88.40800   90.49833  2.36%  1498 8234s
  2187  1816   90.39828   23 8912   88.40800   90.49567  2.36%  1497 8399s
  2188  1817   88.87015   60 9013   88.40800   90.49494  2.36%  1496 8455s
  2189  1818   89.88978   54 8966   88.40800   90.49240  2.36%  1496 8581s
  2190  1818   88.70692   34 9060   88.40800   90.49128  2.36%  1495 8620s
  2191  1819   90.05996   23 9122   88.40800   90.49034  2.36%  1494 8659s
  2192  1820   89.80960   40 9145   88.40800   90.48941  2.35%  1494 8701s
  2193  1820   89.76371   23 9169   88.40800   90.48864  2.35%  1493 8769s
  2194  1821   90.09343   41 9094   88.40800   90.48685  2.35%  1492 9489s
  2195  1822   90.48604    6 9155   88.40800   90.48604  2.35%  1492 9525s
  2196  1822   89.94018   13 9089   88.40800   90.48467  2.35%  1491 9671s
  2201  1827   90.00055   11 1899   88.40800   90.48467  2.35%  2193 9691s
  2202  1828   90.10239   29 3058   88.40800   90.48467  2.35%  2192 9710s
  2203  1829   90.48467   31 3878   88.40800   90.48467  2.35%  2191 9719s
  2204  1829   89.71049   36 4431   88.40800   90.48467  2.35%  2190 9736s
  2205  1830   88.82829   62 4930   88.40800   90.48467  2.35%  2189 9765s
  2206  1831   89.84718   35 5769   88.40800   90.48467  2.35%  2188 9790s
  2207  1831   89.87633   57 6091   88.40800   90.48467  2.35%  2187 9829s
  2208  1832   90.02394   39 6499   88.40800   90.48467  2.35%  2186 9877s
  2209  1833   90.48467   16 7061   88.40800   90.48467  2.35%  2185 9924s
  2210  1833   90.18578   20 7451   88.40800   90.48467  2.35%  2184 9964s
  2211  1834   90.48467   31 7786   88.40800   90.48467  2.35%  2183 10012s
  2212  1835   89.97689   31 8043   88.40800   90.48405  2.35%  2182 10046s
  2213  1835   90.43223   41 8368   88.40800   90.48405  2.35%  2181 10126s
  2214  1836   89.91502   33 8572   88.40800   90.48405  2.35%  2180 10174s
  2215  1837   88.83601   47 8750   88.40800   90.48405  2.35%  2179 10205s
  2216  1837   90.00843   27 8858   88.40800   90.48405  2.35%  2178 10239s
  2217  1838   89.80162   35 8657   88.40800   90.47316  2.34%  2177 10316s
  2218  1839   90.43646   25 8732   88.40800   90.46888  2.33%  2176 10362s
  2219  1839   90.27111   15 8769   88.40800   90.46717  2.33%  2175 10389s
  2220  1840   90.46573   22 8824   88.40800   90.46573  2.33%  2174 10415s
  2221  1841   89.96281   14 8870   88.40800   90.46468  2.33%  2173 10436s
  2222  1841   90.46368   37 8914   88.40800   90.46368  2.33%  2172 10463s
  2223  1842   89.98400   47 8993   88.40800   90.46288  2.32%  2171 10490s
  2224  1843   90.33165   13 8879   88.40800   90.45811  2.32%  2170 10552s
  2225  1843   90.45626   16 8920   88.40800   90.45626  2.32%  2169 10587s
  2226  1844   90.45495   21 8935   88.40800   90.45495  2.32%  2168 10618s
  2227  1845   89.73387   45 8989   88.40800   90.45392  2.31%  2167 10646s
  2228  1845   89.71734   54 9039   88.40800   90.45292  2.31%  2166 10676s
  2229  1846   89.89214   29 9093   88.40800   90.45210  2.31%  2165 10717s
  2230  1847   90.11607   41 8977   88.40800   90.45029  2.31%  2164 10766s
  2231  1847   90.10239   29 8989   88.40800   90.44876  2.31%  2163 10797s
  2232  1848   89.76647   40 9035   88.40800   90.44743  2.31%  2162 10825s
  2233  1849   89.75326   68 9090   88.40800   90.44633  2.31%  2161 10853s
  2234  1849   90.18977   16 9145   88.40800   90.44556  2.30%  2161 10883s
  2235  1850   90.37779   27 9065   88.40800   90.44345  2.30%  2160 10937s
  2236  1851   89.97441   29 9136   88.40800   90.44243  2.30%  2159 10969s
  2237  1851   90.44163    8 9179   88.40800   90.44163  2.30%  2158 10995s
  2238  1852   89.86723   34 9090   88.40800   90.44079  2.30%  2157 11038s
  2239  1853   90.43918   13 9177   88.40800   90.43918  2.30%  2156 11076s
  2240  1853   90.43809   11 9231   88.40800   90.43809  2.30%  2155 11102s
  2241  1854   89.62241   44 9271   88.40800   90.43721  2.30%  2154 11135s
  2242  1855   90.43641   17 9297   88.40800   90.43641  2.29%  2153 11171s
  2243  1855   89.70299   92 9220   88.40800   90.43595  2.29%  2152 11200s
  2244  1856   88.63860   37 9302   88.40800   90.43463  2.29%  2151 11237s
  2245  1857   89.69057   41 9334   88.40800   90.43383  2.29%  2150 11272s
  2246  1857   90.43260   20 9268   88.40800   90.43260  2.29%  2149 11312s
  2247  1858   90.21518   33 9268   88.40800   90.43260  2.29%  2148 11325s
  2248  1859   89.62487   73 9268   88.40800   90.43260  2.29%  2147 11434s
  2249  1861   90.04269   23 9122   88.40800   90.43260  2.29%  2550 11557s
  2250  1863   90.02438   24 9018   88.40800   90.43260  2.29%  2558 11756s
  2252  1866   90.00167   25 9036   88.40800   90.39962  2.25%  2581 11941s
  2256  1874   89.99665   25 8411   88.40800   90.39707  2.25%  2644 12178s
  2265  1883   89.97524   26 8064   88.40800   90.36227  2.21%  2737 12374s
  2277  1928   89.95004   27 7879   88.40800   90.34064  2.19%  2850 12634s
  2326  1941   89.88560   30 7667   88.40800   90.34033  2.19%  3009 12746s
  2355  1961   89.49290   31 7614   88.40800   90.34033  2.19%  3085 12838s
  2385  1984   89.83408   33 7826   88.40800   90.34033  2.19%  3156 12923s
  2418  2006   89.79488   35 7721   88.40800   90.34033  2.19%  3228 12995s
  2451  2026   89.37102   36 7311   88.40800   90.34033  2.19%  3273 13062s
  2482  2039   89.73457   38 7202   88.40800   90.34033  2.19%  3333 13125s
  2505  2063   89.35674   38 7441   88.40800   90.34033  2.19%  3369 13183s
  2537  2065   89.31528   39 7473   88.40800   90.34033  2.19%  3413 13239s
  2550  2090   89.66495   40 7253   88.40800   90.34033  2.19%  3443 13302s
  2579  2098   89.65115   41 7581   88.40800   90.34033  2.19%  3468 13356s
  2597  2126   89.24067   41 7226   88.40800   90.34033  2.19%  3492 13420s
  2631  2152   89.60370   43 6850   88.40800   90.34033  2.19%  3522 13486s
  2669  2183   89.58332   44 6823   88.40800   90.34033  2.19%  3541 13550s
  2715  2202   89.55767   46 6691   88.40800   90.34033  2.19%  3564 13615s
  2754  2199   89.53512   47 6509   88.40800   90.34033  2.19%  3588 13697s
  2766  2208   89.13879   47 6713   88.40800   90.34033  2.19%  3599 13795s
  2782  2217   89.51302   48 6494   88.40800   90.34033  2.19%  3607 13867s
  2798  2228   89.12451   48 6603   88.40800   90.34033  2.19%  3628 13938s
  2817  2237   89.50034   49 5997   88.40800   90.34033  2.19%  3632 14027s
  2839  2258   89.48220   50 5982   88.40800   90.34033  2.19%  3645 14130s
  2877  2285   89.10169   52 5935   88.40800   90.34033  2.19%  3668 14222s
  2922  2305   89.39787   55 5843   88.40800   90.34033  2.19%  3686 14324s
  2971  2340   89.36194   57 5760   88.40800   90.34033  2.19%  3715 14424s
  3034  2384   89.33506   59 5662   88.40800   90.34033  2.19%  3740 14530s
  3111  2406   88.87918   62 5561   88.40800   90.34033  2.19%  3765 14636s
  3179  2427   89.25342   65 5355   88.40800   90.34033  2.19%  3792 14745s
  3246  2465   89.19579   69 5174   88.40800   89.99098  1.79%  3824 14861s
  3339  2495   89.16296   72 5129   88.40800   89.99098  1.79%  3818 14984s
  3428  2505   89.12481   76 5121   88.40800   89.98441  1.78%  3812 15116s
  3490  2543   89.01014   79 4996   88.40800   89.98441  1.78%  3827 15243s
  3564  2559   89.05930   82 4944   88.40800   89.97581  1.77%  3851 15386s
  3612  2608   88.60457   84 5043   88.40800   89.97581  1.77%  3871 15536s
  3688  2645   89.00669   88 4930   88.40800   89.97581  1.77%  3892 15682s
  3758  2691   88.99035   91 4777   88.40800   89.97419  1.77%  3904 15833s
  3845  2736   88.92431   97 4725   88.40800   89.97419  1.77%  3922 15983s
  3934  2772   88.87016  101 4601   88.40800   89.96008  1.76%  3946 16151s
  4009  2826   88.81485  105 4605   88.40800   89.96008  1.76%  3960 16322s
  4102  2891     cutoff  110        88.40800   89.96008  1.76%  3982 16499s
  4214  2949   88.60246  117 3362   88.40800   89.95388  1.75%  3987 16681s
  4334  2976     cutoff  125        88.40800   89.95388  1.75%  3997 16872s
  4441  3024   88.46796  134 3837   88.40800   89.95388  1.75%  3983 17071s
  4549  3062   88.53594  146 3689   88.40800   89.95074  1.75%  4013 17395s
  4648  3117   88.50828  153 2857   88.40800   89.95074  1.75%  4013 17624s
  4778  3143   88.42573  166 2499   88.40800   89.95074  1.75%  4011 17855s
  4904  3145   88.42398  169 2376   88.40800   89.95074  1.75%  4028 18001s

Cutting planes:
  Cover: 14
  Implied bound: 2
  Projected implied bound: 48
  MIR: 2462
  Mixing: 5
  Flow cover: 1208
  GUB cover: 210
  Zero half: 79
  RLT: 98
  Relax-and-lift: 1105

Explored 4978 nodes (20392254 simplex iterations) in 18007.18 seconds (8264.06 work units)
Thread count was 12 (of 12 available processors)

Solution count 6: 88.408 88.408 88.408 ... 88.3749

Time limit reached
Warning: max constraint violation (8.4290e-05) exceeds tolerance
Warning: max general constraint violation (8.4290e-05) exceeds tolerance
Best objective 8.840800343166e+01, best bound 8.995074481974e+01, gap 1.7450%
