
Gurobi 12.0.0 (win64) logging started Thu Dec 25 01:00:47 2025

Set parameter LogFile to value "results\sol\OptMultipleDepth_False_0\log_NIA_124_3,3,3,3.txt"
Set parameter TimeLimit to value 18000
Set parameter MIPFocus to value 0
Set parameter NodefileStart to value 0.5
Gurobi Optimizer version 12.0.0 build v12.0.0rc1 (win64 - Windows 11.0 (26100.2))

CPU model: 12th Gen Intel(R) Core(TM) i5-12450H, instruction set [SSE2|AVX|AVX2]
Thread count: 8 physical cores, 12 logical processors, using up to 12 threads

Non-default parameters:
TimeLimit  18000
NodefileStart  0.5
Threads  12

Academic license 2625989 - for non-commercial use only - registered to aa___@up.edu.ph
Optimize a model with 148517 rows, 163579 columns and 728499 nonzeros
Model fingerprint: 0xe1c1ed26
Model has 213 simple general constraints
  213 PWL
Variable types: 426 continuous, 163153 integer (162945 binary)
Coefficient statistics:
  Matrix range     [3e-01, 1e+03]
  Objective range  [5e-03, 5e-03]
  Bounds range     [1e+00, 1e+02]
  RHS range        [1e+00, 6e+00]
  PWLCon x range   [4e+02, 2e+03]
  PWLCon y range   [0e+00, 1e+02]
Presolve removed 71999 rows and 2670 columns (presolve time = 5s)...
Presolve removed 71999 rows and 2670 columns (presolve time = 10s)...
Presolve removed 69017 rows and 114 columns
Presolve time: 12.57s
Presolved: 79500 rows, 163465 columns, 586735 nonzeros
Variable types: 1491 continuous, 161974 integer (161955 binary)
Deterministic concurrent LP optimizer: primal simplex, dual simplex, and barrier
Showing barrier log only...

Root barrier log...

Ordering time: 0.95s

Barrier statistics:
 Dense cols : 150
 AA' NZ     : 2.358e+05
 Factor NZ  : 5.431e+05 (roughly 70 MB of memory)
 Factor Ops : 1.490e+07 (less than 1 second per iteration)
 Threads    : 9

                  Objective                Residual
Iter       Primal          Dual         Primal    Dual     Compl     Time
   0  -5.71581366e+02  2.28567794e+03  1.99e+03 2.77e-03  4.12e-01    33s
   1  -3.90210775e+02  1.87684684e+03  1.30e+03 1.80e-01  2.19e-01    34s
   2  -1.59090103e+02  1.03360207e+03  4.98e+02 1.14e-01  7.84e-02    35s
   3   3.79306649e+01  5.18559508e+02  7.57e+01 4.55e-02  1.30e-02    37s
   4   8.34582986e+01  3.47722385e+02  8.90e+00 1.56e-02  2.26e-03    37s
   5   9.29069798e+01  1.99193728e+02  2.14e+00 3.92e-03  6.15e-04    38s
   6   9.43585157e+01  1.42587810e+02  1.28e+00 1.72e-03  2.58e-04    39s
   7   9.59274869e+01  1.17753417e+02  3.65e-01 7.77e-04  9.88e-05    39s
   8   9.66184409e+01  1.06095534e+02  9.95e-02 3.20e-04  4.00e-05    40s
   9   9.70327485e+01  1.04134141e+02  2.58e-02 2.42e-04  2.88e-05    40s
  10   9.74087348e+01  1.02700973e+02  5.04e-03 1.86e-04  2.11e-05    41s
  11   9.76555525e+01  1.00393723e+02  1.84e-03 9.46e-05  1.09e-05    43s
  12   9.79740062e+01  9.95239667e+01  5.21e-04 5.49e-05  6.17e-06    43s
  13   9.81599636e+01  9.92254286e+01  2.41e-04 4.11e-05  4.24e-06    44s
  14   9.82460532e+01  9.90420703e+01  1.38e-04 3.10e-05  3.17e-06    45s
  15   9.82880842e+01  9.88499847e+01  1.00e-04 2.26e-05  2.24e-06    45s
  16   9.83219635e+01  9.87644068e+01  7.45e-05 2.47e-05  1.76e-06    46s
  17   9.83645916e+01  9.86996480e+01  4.41e-05 2.22e-05  1.33e-06    46s
  18   9.84037277e+01  9.86465336e+01  2.39e-05 1.80e-05  9.67e-07    47s
  19   9.84153311e+01  9.86136684e+01  1.95e-05 1.51e-05  7.90e-07    47s
  20   9.84263761e+01  9.85824747e+01  1.56e-05 1.17e-05  6.22e-07    48s
  21   9.84497385e+01  9.85616113e+01  9.35e-06 9.23e-06  4.46e-07    49s
  22   9.84627783e+01  9.85484633e+01  6.41e-06 7.31e-06  3.41e-07    50s
  23   9.84727017e+01  9.85424192e+01  4.52e-06 6.42e-06  2.78e-07    51s
  24   9.84759636e+01  9.85349276e+01  3.98e-06 5.47e-06  2.35e-07    52s
  25   9.84856352e+01  9.85316039e+01  2.54e-06 4.92e-06  1.83e-07    53s
  26   9.84917481e+01  9.85236457e+01  1.78e-06 3.51e-06  1.27e-07    54s
  27   9.84969278e+01  9.85169551e+01  1.21e-06 2.10e-06  7.98e-08    55s
  28   9.85068955e+01  9.85149661e+01  2.40e-07 1.56e-06  3.22e-08    56s
  29   9.85089943e+01  9.85118474e+01  8.19e-08 5.19e-07  1.14e-08    57s
  30   9.85101317e+01  9.85104858e+01  7.55e-09 6.03e-08  1.42e-09    59s
  31   9.85102717e+01  9.85103030e+01  4.30e-10 7.70e-09  1.25e-10    59s
  32   9.85102757e+01  9.85102759e+01  3.76e-11 6.36e-10  9.31e-13    60s
  33   9.85102758e+01  9.85102758e+01  9.21e-13 2.03e-09  6.67e-17    60s

Barrier solved model in 33 iterations and 60.29 seconds (5.33 work units)
Optimal objective 9.85102758e+01


Root crossover log...

   51602 DPushes remaining with DInf 0.0000000e+00                64s
   11871 DPushes remaining with DInf 2.5220093e-06                66s
     519 DPushes remaining with DInf 0.0000000e+00                70s
       0 DPushes remaining with DInf 0.0000000e+00                71s

      68 PPushes remaining with PInf 0.0000000e+00                71s
       0 PPushes remaining with PInf 0.0000000e+00                72s

  Push phase complete: Pinf 0.0000000e+00, Dinf 8.4622931e-04     72s


Root simplex log...

Iteration    Objective       Primal Inf.    Dual Inf.      Time
   10145    9.8510276e+01   0.000000e+00   8.462293e-04     73s
   10317    9.8510276e+01   0.000000e+00   0.000000e+00     73s
Concurrent spin time: 0.10s

Solved with barrier

Use crossover to convert LP symmetric solution to basic solution...

Root crossover log...

     954 DPushes remaining with DInf 0.0000000e+00                74s
       0 DPushes remaining with DInf 6.2361782e-04                75s

    4113 PPushes remaining with PInf 0.0000000e+00                75s
       0 PPushes remaining with PInf 0.0000000e+00                75s

  Push phase complete: Pinf 0.0000000e+00, Dinf 6.2361782e-04     75s


Root simplex log...

Iteration    Objective       Primal Inf.    Dual Inf.      Time
   15182    9.8510276e+01   0.000000e+00   6.236178e-04     75s
   15241    9.8510276e+01   0.000000e+00   0.000000e+00     75s
   15241    9.8510276e+01   0.000000e+00   0.000000e+00     77s

Root relaxation: objective 9.851028e+01, 15241 iterations, 57.70 seconds (2.19 work units)

    Nodes    |    Current Node    |     Objective Bounds      |     Work
 Expl Unexpl |  Obj  Depth IntInf | Incumbent    BestBd   Gap | It/Node Time

     0     0   98.51028    0 1065          -   98.51028      -     -   82s
     0     0   97.60643    0 1035          -   97.60643      -     -   90s
H    0     0                      86.0414111   97.60643  13.4%     -  103s
H    0     0                      86.0416208   97.60643  13.4%     -  109s
H    0     0                      86.0416394   91.74406  6.63%     -  210s
H    0     0                      86.0416756   91.74406  6.63%     -  210s
     0     0   91.74406    0 2723   86.04168   91.74406  6.63%     -  214s
H    0     0                      86.0671890   91.74406  6.60%     -  221s
     0     0   90.93096    0 2860   86.06719   90.93096  5.65%     -  238s
     0     0   90.74491    0 2667   86.06719   90.74491  5.43%     -  250s
     0     0   90.74065    0 2682   86.06719   90.74065  5.43%     -  258s
     0     0   90.54511    0 3056   86.06719   90.54511  5.20%     -  333s
     0     0   90.46715    0 3893   86.06719   90.46715  5.11%     -  346s
     0     0   90.46049    0 3478   86.06719   90.46049  5.10%     -  354s
     0     0   90.46047    0 3537   86.06719   90.46047  5.10%     -  355s
     0     0   90.41915    0 3992   86.06719   90.41915  5.06%     -  407s
     0     0   90.39643    0 4259   86.06719   90.39643  5.03%     -  454s
     0     0   90.39299    0 4227   86.06719   90.39299  5.03%     -  460s
     0     0   90.39223    0 4213   86.06719   90.39223  5.03%     -  462s
     0     0   90.37086    0 4355   86.06719   90.37086  5.00%     -  515s
     0     0   90.36076    0 4545   86.06719   90.36076  4.99%     -  549s
     0     0   90.35636    0 4632   86.06719   90.35636  4.98%     -  565s
     0     0   90.35528    0 4662   86.06719   90.35528  4.98%     -  572s
     0     0   90.34185    0 4833   86.06719   90.34185  4.97%     -  639s
     0     0   90.33606    0 5250   86.06719   90.33606  4.96%     -  676s
     0     0   90.33311    0 5371   86.06719   90.33311  4.96%     -  704s
     0     0   90.33211    0 5432   86.06719   90.33211  4.96%     -  718s
     0     0   90.32366    0 5465   86.06719   90.32366  4.95%     -  823s
H    0     0                      86.0671891   90.32106  4.94%     -  850s
     0     0   90.31720    0 5534   86.06719   90.31720  4.94%     -  904s
     0     0   90.31463    0 5633   86.06719   90.31463  4.94%     -  941s
     0     0   90.31348    0 5696   86.06719   90.31348  4.93%     -  960s
H    0     0                      86.0695093   90.30610  4.92%     - 1089s
     0     0   90.30610    0 5933   86.06951   90.30610  4.92%     - 1091s
     0     0   90.28928    0 5536   86.06951   90.28928  4.90%     - 1095s
H    0     0                      86.0701312   90.28928  4.90%     - 1120s
H    0     0                      86.0702222   90.28928  4.90%     - 1121s
H    0     0                      86.0702706   90.28928  4.90%     - 1121s
H    0     0                      86.0703623   90.28928  4.90%     - 1121s
H    0     0                      86.0703729   90.28928  4.90%     - 1121s
H    0     0                      86.0703784   90.28928  4.90%     - 1121s
H    0     0                      86.0703813   90.28928  4.90%     - 1121s
H    0     0                      86.0704671   90.28928  4.90%     - 1121s
H    0     0                      86.0705448   90.28928  4.90%     - 1121s
H    0     0                      86.0708534   90.28928  4.90%     - 1167s
     0     2   90.28928    0 5519   86.07085   90.28928  4.90%     - 1180s
     1     4   90.24251    1 5483   86.07085   90.24251  4.85% 23560 1196s
     3     7   89.89711    2 5465   86.07085   90.23797  4.84% 14472 1249s
     6    13   89.82073    3 5431   86.07085   90.23797  4.84% 18863 1370s
    12    22   89.77891    4 5453   86.07085   90.18734  4.78% 23058 1529s
    21    34   89.65802    5 5615   86.07085   90.18734  4.78% 24570 1566s
H   33    46                      86.0713764   90.18734  4.78% 19697 1664s
H   35    46                      86.0713784   90.18734  4.78% 19459 1664s
    45    50   89.34968    7 5252   86.07138   90.18734  4.78% 19093 1800s
    49    71   89.26533    7 5700   86.07138   90.18734  4.78% 18702 1953s
    70    79   89.18256    9 5593   86.07138   90.18734  4.78% 16717 2086s
    78    90   88.78353    9 4963   86.07138   90.18734  4.78% 17326 2240s
    89   110   89.14674   10 5544   86.07138   90.18734  4.78% 17079 2397s
   109   144   89.06515   12 5872   86.07138   90.18734  4.78% 15802 2553s
   143   154   88.99737   14 5855   86.07138   90.18734  4.78% 14051 2685s
   153   200   88.65902   14 5994   86.07138   90.18734  4.78% 13849 2791s
   199   212   88.93428   17 5824   86.07138   90.18734  4.78% 12200 2896s
H  203   212                      86.0713785   90.18734  4.78% 12068 2897s
H  204   212                      86.0713787   90.18734  4.78% 12016 2897s
H  206   212                      86.0713788   90.18734  4.78% 11941 2897s
   211   232   88.52900   18 5722   86.07138   90.18734  4.78% 11785 3007s
   231   255   88.18513   16 5206   86.07138   90.18734  4.78% 11095 3126s
   254   295   88.83665   19 5711   86.07138   90.18734  4.78% 10657 3223s
   294   322   88.42869   20 5735   86.07138   90.18734  4.78%  9819 3309s
   321   346   88.41065   21 5628   86.07138   90.18734  4.78%  9489 3402s
   345   379   88.38260   23 5527   86.07138   90.18734  4.78%  9238 3503s
   378   407   88.28722   25 5612   86.07138   90.18734  4.78%  9036 3621s
   406   435   88.27539   27 5170   86.07138   90.18734  4.78%  8938 3725s
   434   462   88.24535   28 5067   86.07138   90.18734  4.78%  9070 3835s
   467   470   87.74199   30 5056   86.07138   90.18734  4.78%  8974 4061s
   476   480   88.15943   30 5033   86.07138   90.18734  4.78%  8937 4302s
   486   495   88.13851   31 5025   86.07138   90.18734  4.78%  8921 4502s
   501   508   88.01030   38 4328   86.07138   90.18734  4.78%  8829 4724s
   514   523   87.96702   39 3989   86.07138   90.18734  4.78%  8793 4857s
   529   540   86.62899   40 4643   86.07138   90.18734  4.78%  8799 5044s
   546   554   86.62870   41 4634   86.07138   90.18734  4.78%  8746 5181s
   564   568   86.59159   44 4343   86.07138   90.18734  4.78%  8699 5327s
   578   587   86.50608   48 4233   86.07138   90.18734  4.78%  8668 5506s
   599   603   86.22122   53 3765   86.07138   90.18734  4.78%  8664 5653s
   617   622   86.20696   54 3734   86.07138   90.18734  4.78%  8534 5832s
   638   656   86.16548   56 3323   86.07138   90.18734  4.78%  8523 6003s
   677   704   86.15167   60 3351   86.07138   90.18734  4.78%  8376 6172s
   725   748   86.09851   63 3274   86.07138   90.18734  4.78%  8317 6349s
Created node file directory './grbnodes1'
   778   816   87.12207   52 3131   86.07138   90.18734  4.78%  8256 6503s
   848   887 infeasible   58        86.07138   90.18734  4.78%  7971 6670s
   936   988   86.78892   63 2515   86.07138   90.18734  4.78%  7553 6816s
  1051  1089   86.43868   79 2338   86.07138   90.18734  4.78%  6959 6974s
  1180  1130     cutoff   91        86.07138   90.18734  4.78%  6632 7187s
  1291  1176   86.57681   43 4206   86.07138   90.18734  4.78%  6454 7386s
  1376  1242   86.35955   48 3491   86.07138   90.18734  4.78%  6401 7600s
H 1467  1264                      86.0713789   90.18734  4.78%  6476 7801s
  1510  1293     cutoff   58        86.07138   90.18734  4.78%  6513 8047s
  1564  1364   86.93378   42 4479   86.07138   90.18734  4.78%  6655 8272s
  1652  1368   86.83293   43 4338   86.07138   90.18734  4.78%  6694 8524s
H 1680  1425                      86.0713790   90.18734  4.78%  6754 8754s
  1742  1470   86.17694   47 3389   86.07138   90.18734  4.78%  6899 9042s
H 1831  1470                      86.0713799   90.18734  4.78%  6867 9042s
  1832  1567 infeasible   31        86.07138   90.18734  4.78%  6911 9283s
  1945  1599   86.89737   46 4639   86.07138   90.18734  4.78%  6846 9603s
  2008  1683   86.73842   48 4194   86.07138   90.18734  4.78%  6952 9895s
  2104  1755   86.19779   61 3153   86.07138   90.18734  4.78%  6997 10208s
  2201  1756   87.77719   27 5536   86.07138   90.18734  4.78%  7049 10509s
  2203  1757   88.07266   30 2472   86.07138   90.18734  4.78%  7042 10552s
  2204  1758   87.37706   28 2508   86.07138   88.44731  2.76%  7039 10577s
  2205  1759   87.63280   25 2677   86.07138   88.13321  2.40%  7036 10581s
  2206  1759   88.05168    5 3566   86.07138   88.05168  2.30%  7033 10586s
  2207  1760   87.52953   26 4231   86.07138   88.00581  2.25%  7030 10597s
  2208  1761   87.69479   16 4479   86.07138   87.98185  2.22%  7026 10606s
  2209  1761   86.54841   48 4490   86.07138   87.97000  2.21%  7023 10611s
  2211  1763   87.42259   35 4659   86.07138   87.96784  2.20%  7017 10617s
  2212  1763   87.75779   34 4700   86.07138   87.96714  2.20%  7014 10620s
  2213  1764   87.96668   11 4721   86.07138   87.96668  2.20%  7010 10630s
  2214  1765   87.76656   25 4789   86.07138   87.84242  2.06%  7007 10667s
  2215  1765   87.83034   22 5460   86.07138   87.83034  2.04%  7004 10684s
  2216  1766   87.44698   35 5286   86.07138   87.82421  2.04%  7001 10696s
  2217  1767   87.37882   32 5468   86.07138   87.82029  2.03%  6998 10705s
  2218  1767   87.81904    5 5533   86.07138   87.81904  2.03%  6995 10712s
  2219  1768   87.27825   33 5643   86.07138   87.81850  2.03%  6991 10731s
  2220  1769   87.39830   40 4607   86.07138   87.78494  1.99%  6988 10781s
  2221  1769   87.74839   29 4886   86.07138   87.74839  1.95%  6985 10802s
  2222  1770   87.28705   27 5010   86.07138   87.73901  1.94%  6982 10818s
  2223  1771   86.61004   50 5086   86.07138   87.73639  1.93%  6979 10824s
  2224  1771   87.73468   10 5292   86.07138   87.73468  1.93%  6976 10831s
  2225  1772   87.25498   41 5371   86.07138   87.73303  1.93%  6973 10839s
  2226  1773   87.73189    6 5420   86.07138   87.73189  1.93%  6970 10845s
  2227  1773   87.27825   33 5461   86.07138   87.73156  1.93%  6966 10860s
  2228  1774   87.33334   28 5683   86.07138   87.72086  1.92%  6963 10906s
  2229  1775   87.70196   27 5582   86.07138   87.70196  1.89%  6960 10934s
  2230  1775   86.84516   51 5735   86.07138   87.69689  1.89%  6957 10950s
  2231  1776   87.69257    8 5799   86.07138   87.69257  1.88%  6954 10964s
  2232  1777   87.68914   11 5842   86.07138   87.68914  1.88%  6951 10980s
  2233  1777   87.46631   34 5940   86.07138   87.68767  1.88%  6948 10988s
  2234  1778   87.68647    4 5989   86.07138   87.68647  1.88%  6945 10999s
  2235  1779   86.59300   61 6061   86.07138   87.68563  1.88%  6941 11010s
  2236  1779   87.16650   47 6112   86.07138   87.68357  1.87%  6938 11026s
  2237  1780   87.68334   30 6102   86.07138   87.68334  1.87%  6935 11042s
  2238  1781   87.66255   31 5848   86.07138   87.66255  1.85%  6932 11094s
  2239  1781   87.65225   24 5887   86.07138   87.65225  1.84%  6929 11122s
  2240  1782   87.55494   32 5894   86.07138   87.64733  1.83%  6926 11135s
  2241  1783   87.64417   40 6008   86.07138   87.64417  1.83%  6923 11146s
  2242  1783   87.64296   12 6063   86.07138   87.64296  1.83%  6920 11160s
  2243  1784   86.26249   54 6128   86.07138   87.64151  1.82%  6917 11171s
  2244  1785   87.34757   32 6191   86.07138   87.63972  1.82%  6914 11181s
  2245  1785   87.63891   21 6196   86.07138   87.63891  1.82%  6911 11193s
  2246  1786   87.35194   34 6243   86.07138   87.63798  1.82%  6907 11202s
  2247  1787   87.63745   10 6345   86.07138   87.63745  1.82%  6904 11227s
  2248  1787   87.24159   49 5979   86.07138   87.62196  1.80%  6901 11296s
  2249  1788   87.50083   36 6078   86.07138   87.61773  1.80%  6898 11319s
  2250  1789   86.94388   37 6093   86.07138   87.61569  1.79%  6895 11340s
  2251  1789   87.61392   29 6139   86.07138   87.61392  1.79%  6892 11363s
  2252  1790   87.31466   25 6293   86.07138   87.61272  1.79%  6889 11379s
  2253  1791   86.54841   48 6320   86.07138   87.61176  1.79%  6886 11393s
  2254  1791   86.29326   59 6388   86.07138   87.61115  1.79%  6883 11402s
  2255  1792   87.55540   27 6358   86.07138   87.61009  1.79%  6880 11417s
  2256  1793   87.60966   19 6460   86.07138   87.60966  1.79%  6877 11441s
  2257  1793   87.59551    8 6161   86.07138   87.59551  1.77%  6874 11501s
  2258  1794   87.47897   35 6152   86.07138   87.58837  1.76%  6871 11531s
  2259  1795   87.58584   15 6241   86.07138   87.58584  1.76%  6868 11546s
  2260  1795   87.58520   31 6325   86.07138   87.58520  1.76%  6865 11555s
  2261  1796   87.58373    8 6350   86.07138   87.58373  1.76%  6862 11565s
  2262  1797   87.18992   52 6401   86.07138   87.58284  1.76%  6859 11573s
  2263  1797   87.58208    5 6423   86.07138   87.58208  1.76%  6856 11580s
  2264  1798   87.58124   12 6455   86.07138   87.58124  1.75%  6853 11586s
  2265  1799   87.35666   22 6499   86.07138   87.58072  1.75%  6850 11603s
  2266  1799   87.56955   26 6195   86.07138   87.56955  1.74%  6846 11660s
  2267  1800   87.56633   10 6292   86.07138   87.56633  1.74%  6843 11693s
  2268  1801   87.44698   35 6358   86.07138   87.56409  1.73%  6840 11705s
  2269  1801   87.39830   40 6380   86.07138   87.56267  1.73%  6837 11720s
  2270  1802   87.56171   19 6440   86.07138   87.56171  1.73%  6834 11734s
  2271  1803   87.55994   17 6435   86.07138   87.55994  1.73%  6831 11747s
  2272  1803   86.74940   47 6475   86.07138   87.55914  1.73%  6828 11756s
  2273  1804   87.55839   36 6464   86.07138   87.55839  1.73%  6825 11770s
  2274  1805   87.46839   32 6492   86.07138   87.55780  1.73%  6822 11798s
  2275  1805   87.54904   13 6239   86.07138   87.54904  1.72%  6819 11864s
  2276  1806   87.41186   26 6323   86.07138   87.54815  1.72%  6816 11887s
  2277  1807   87.54721   17 6435   86.07138   87.54721  1.71%  6813 11904s
  2278  1807   87.54622   33 6490   86.07138   87.54622  1.71%  6810 11921s
  2279  1808   87.37621   37 6503   86.07138   87.54588  1.71%  6807 11945s
  2280  1809   86.66857   59 6297   86.07138   87.53835  1.70%  6804 12014s
  2281  1809   87.53393   16 6428   86.07138   87.53393  1.70%  6801 12050s
  2282  1810   87.19255   38 6516   86.07138   87.53268  1.70%  6798 12067s
  2283  1811   87.53172   17 6529   86.07138   87.53172  1.70%  6796 12085s
  2284  1811   87.53086   17 6620   86.07138   87.53086  1.70%  6793 12104s
  2285  1812   87.53002   17 6621   86.07138   87.53002  1.69%  6790 12116s
  2286  1813   87.34757   32 6682   86.07138   87.52957  1.69%  6787 12142s
  2287  1813   87.52554   17 6532   86.07138   87.52554  1.69%  6784 12197s
  2288  1814   87.45828   39 6622   86.07138   87.52487  1.69%  6781 12216s
  2289  1815   87.52371   36 6642   86.07138   87.52371  1.69%  6778 12243s
  2290  1815   87.52290   33 6673   86.07138   87.52290  1.69%  6775 12258s
  2291  1816   87.52245    9 6716   86.07138   87.52245  1.69%  6772 12282s
  2292  1817   86.54566   52 6451   86.07138   87.52070  1.68%  6769 12335s
  2293  1817   87.48623   24 6581   86.07138   87.52070  1.68%  6766 12362s
  2294  1818   87.51826   15 6316   86.07138   87.51826  1.68%  6763 12405s
  2295  1819   87.51697   23 6459   86.07138   87.51697  1.68%  6760 12422s
  2296  1819   87.51461   15 6590   86.07138   87.51461  1.68%  6757 12443s
  2297  1820   87.51256   29 6608   86.07138   87.51256  1.67%  6754 12457s
  2298  1821   87.51056    4 6643   86.07138   87.51056  1.67%  6751 12477s
  2299  1821   87.50999   43 6688   86.07138   87.50999  1.67%  6748 12501s
  2300  1822   86.87787   47 6424   86.07138   87.50001  1.66%  6745 12603s
  2301  1823   87.49960   27 6583   86.07138   87.49960  1.66%  6742 12626s
  2302  1823   87.49757   20 6467   86.07138   87.49757  1.66%  6739 12729s
  2303  1824   87.49661   30 6561   86.07138   87.49661  1.66%  6736 12747s
  2304  1825   87.37706   28 6553   86.07138   87.49578  1.65%  6734 12759s
  2305  1825   87.49471   25 6601   86.07138   87.49471  1.65%  6731 12775s
  2306  1826   87.49414    5 6681   86.07138   87.49414  1.65%  6728 12851s
  2307  1827   87.49214   26 6437   86.07138   87.49214  1.65%  6725 12999s
  2308  1827   87.49154   16 6576   86.07138   87.49154  1.65%  6722 13016s
  2309  1828   86.54841   48 6625   86.07138   87.49100  1.65%  6719 13094s
  2310  1829   87.48903   12 6458   86.07138   87.48903  1.65%  6716 13147s
  2311  1829   87.42259   35 6597   86.07138   87.48830  1.65%  6713 13161s
  2312  1830   87.48775   34 6628   86.07138   87.48775  1.65%  6710 13186s
  2313  1831   87.48729   11 6412   86.07138   87.48729  1.65%  6707 13297s
  2314  1831   87.48690   25 6558   86.07138   87.48690  1.64%  6704 13344s
  2315  1832   87.48371   22 6429   86.07138   87.48371  1.64%  6702 13402s
  2316  1833   87.44698   35 6602   86.07138   87.48340  1.64%  6699 13453s
  2317  1833   87.37882   32 6497   86.07138   87.48287  1.64%  6696 13501s
  2322  1838   87.28705   27 2554   86.07138   87.48287  1.64%  7456 13547s
  2323  1839   86.61004   50 2915   86.07138   87.48287  1.64%  7452 13595s
  2324  1840   87.48287   10 3317   86.07138   87.48287  1.64%  7449 13601s
  2325  1840   87.25498   41 3399   86.07138   87.48287  1.64%  7446 13609s
  2326  1841   87.48287    6 4189   86.07138   87.48287  1.64%  7443 13626s
  2327  1842   87.27825   33 4816   86.07138   87.48287  1.64%  7440 13655s
  2328  1842   87.33334   28 4821   86.07138   87.48287  1.64%  7436 13677s
  2329  1843   87.48287   27 5035   86.07138   87.48287  1.64%  7433 13701s
  2330  1844   86.84516   51 5461   86.07138   87.48287  1.64%  7430 13727s
  2331  1844   87.48287    8 5679   86.07138   87.48287  1.64%  7427 13763s
  2332  1845   87.48287   11 5740   86.07138   87.48287  1.64%  7424 13773s
  2333  1846   87.46631   34 5870   86.07138   87.48287  1.64%  7421 13782s
  2334  1846   87.48287    4 5841   86.07138   87.48287  1.64%  7417 13785s
  2335  1847   86.59300   61 5966   86.07138   87.48287  1.64%  7414 13793s
  2336  1848   87.16650   47 5971   86.07138   87.48125  1.64%  7411 13808s
  2337  1848   87.48119   30 5968   86.07138   87.48119  1.64%  7408 13851s
  2338  1849   87.48119   31 6275   86.07138   87.48119  1.64%  7405 13869s
  2339  1850   87.48119   24 6365   86.07138   87.48119  1.64%  7402 13877s
  2340  1850   87.48119   32 6445   86.07138   87.48119  1.64%  7398 13892s
  2341  1851   87.48119   40 6490   86.07138   87.48119  1.64%  7395 13908s
  2342  1852   87.48119   12 6560   86.07138   87.48119  1.64%  7392 13916s
  2343  1852   86.26249   54 6561   86.07138   87.48119  1.64%  7389 13945s
  2344  1853   87.34757   32 6441   86.07138   87.48093  1.64%  7386 13984s
  2345  1854   87.48028   21 6548   86.07138   87.48028  1.64%  7383 13998s
  2346  1854   87.35194   34 6621   86.07138   87.47908  1.64%  7379 14021s
  2347  1855   87.47838   10 6660   86.07138   87.47838  1.63%  7376 14037s
  2348  1856   87.24159   49 6675   86.07138   87.47781  1.63%  7373 14076s
  2349  1856   87.47692   36 6521   86.07138   87.47692  1.63%  7370 14124s
  2350  1857   86.94388   37 6559   86.07138   87.47651  1.63%  7367 14144s
  2351  1858   87.47602   29 6640   86.07138   87.47602  1.63%  7364 14169s
  2352  1858   87.31466   25 6487   86.07138   87.47343  1.63%  7361 14221s
  2353  1859   86.54841   48 6625   86.07138   87.47228  1.63%  7357 14244s
  2354  1860   86.29326   59 6660   86.07138   87.47121  1.63%  7354 14259s
  2355  1860   87.47063   27 6704   86.07138   87.47063  1.63%  7351 14284s
  2356  1861   87.46445   19 6517   86.07138   87.46445  1.62%  7348 14346s
  2357  1862   87.46445    8 6626   86.07138   87.46445  1.62%  7345 14383s
  2358  1862   87.46445   35 6485   86.07138   87.46445  1.62%  7342 14435s
  2359  1863   87.46445   15 6613   86.07138   87.46445  1.62%  7339 14468s
  2360  1864   87.46445   31 6495   86.07138   87.46445  1.62%  7336 14523s
  2361  1864   87.46445    8 6634   86.07138   87.46445  1.62%  7333 14554s
  2362  1865   87.18992   52 6719   86.07138   87.45937  1.61%  7329 14654s
  2363  1866   87.45872    5 6834   86.07138   87.45872  1.61%  7326 14678s
  2364  1866   87.45793   12 6890   86.07138   87.45793  1.61%  7323 14695s
  2365  1867   87.35666   22 6942   86.07138   87.45748  1.61%  7320 14728s
  2366  1868   87.44569   26 6632   86.07138   87.44569  1.60%  7317 14824s
  2367  1868   87.44458   10 6806   86.07138   87.44458  1.60%  7314 14852s
  2368  1869   87.44401   35 6879   86.07138   87.44401  1.59%  7311 14892s
  2369  1870   87.39830   40 6768   86.07138   87.44317  1.59%  7308 14941s
  2370  1870   87.44205   19 6901   86.07138   87.44205  1.59%  7305 14960s
  2371  1871   87.44140   17 6931   86.07138   87.44140  1.59%  7302 14981s
  2372  1872   86.74940   47 6963   86.07138   87.44091  1.59%  7299 15020s
  2373  1872   87.43664   36 6690   86.07138   87.43664  1.59%  7295 15096s
  2374  1873   87.43467   32 6808   86.07138   87.43467  1.58%  7292 15128s
  2375  1874   87.43370   13 6851   86.07138   87.43370  1.58%  7289 15146s
  2376  1874   87.41186   26 6933   86.07138   87.43333  1.58%  7286 15167s
  2377  1875   87.43266   17 6753   86.07138   87.43266  1.58%  7283 15207s
  2378  1876   87.43243   33 6848   86.07138   87.43243  1.58%  7280 15227s
  2379  1876   87.37621   37 6740   86.07138   87.43219  1.58%  7277 15335s
  2380  1877   86.66857   59 6834   86.07138   87.43196  1.58%  7274 15357s
  2381  1878   87.43163   16 6720   86.07138   87.43163  1.58%  7271 15436s
  2382  1878   87.19255   38 6868   86.07138   87.43100  1.58%  7268 15451s
  2383  1879   87.43072   17 6933   86.07138   87.43072  1.58%  7265 15522s
  2384  1880   87.42997   17 6717   86.07138   87.42997  1.58%  7262 15612s
  2385  1880   87.42988   17 6699   86.07138   87.42988  1.58%  7259 15630s
  2386  1881   87.34757   32 6699   86.07138   87.42987  1.58%  7256 15728s
  2387  1885   87.35528   27 6474   86.07138   87.42892  1.58%  7762 15907s
  2389  1888   87.34365   28 6502   86.07138   87.34805  1.48%  7782 15942s
  2393  1895   87.29408   29 6113   86.07138   87.34290  1.48%  7797 16138s
  2401  1903   87.24047   30 6095   86.07138   87.28713  1.41%  7881 16348s
  2412  1953   87.24031   31 6086   86.07138   87.24043  1.36%  7983 16521s
  2470  1958   87.19219   34 6007   86.07138   87.21173  1.32%  7919 16607s
  2498  1966   87.17804   35 5991   86.07138   87.21173  1.32%  7903 16694s
  2519  1982   86.84147   35 5962   86.07138   87.21173  1.32%  7879 16769s
  2544  1996   87.15300   36 5748   86.07138   87.21173  1.32%  7882 16840s
  2571  2010   87.13115   37 5693   86.07138   87.21173  1.32%  7878 16913s
  2596  2020   87.11235   38 5735   86.07138   87.21173  1.32%  7896 16985s
  2615  2033   86.79118   38 5975   86.07138   87.21173  1.32%  7912 17055s
  2634  2049   87.10103   39 5689   86.07138   87.21173  1.32%  7915 17124s
  2661  2058   87.08108   40 5715   86.07138   87.21173  1.32%  7880 17195s
  2679  2072   87.06842   41 5705   86.07138   87.21173  1.32%  7882 17256s
  2702  2084   86.60154   48 4788   86.07138   87.21173  1.32%  7862 17330s
  2725  2099   87.05787   42 5705   86.07138   87.21173  1.32%  7834 17409s
  2757  2111   86.57088   52 4891   86.07138   87.21173  1.32%  7796 17500s
  2791  2127   86.90063   43 5448   86.07138   87.07790  1.17%  7760 17578s
  2824  2142   86.88005   44 5408   86.07138   87.07790  1.17%  7725 17658s
  2860  2178   86.84700   45 5376   86.07138   87.07790  1.17%  7683 17733s
  2922  2168   86.56423   45 5348   86.07138   87.07790  1.17%  7590 17839s
  2941  2184   86.82386   46 5275   86.07138   87.07790  1.17%  7569 17939s
  2981  2183   86.42936   59 4124   86.07138   87.07790  1.17%  7506 18000s

Cutting planes:
  Gomory: 33
  Cover: 8
  Implied bound: 91
  Projected implied bound: 99
  MIR: 931
  Mixing: 2
  Flow cover: 589
  GUB cover: 347
  Zero half: 54
  RLT: 64
  Relax-and-lift: 103

Explored 3025 nodes (22891231 simplex iterations) in 18000.53 seconds (9196.94 work units)
Thread count was 12 (of 12 available processors)

Solution count 10: 86.0714 86.0714 86.0714 ... 86.0705

Time limit reached
Warning: max constraint violation (1.9974e-05) exceeds tolerance
Warning: max general constraint violation (1.9974e-05) exceeds tolerance
Best objective 8.607137986907e+01, best bound 8.707789838495e+01, gap 1.1694%
