
Gurobi 12.0.0 (win64) logging started Thu Dec 11 21:37:29 2025

Set parameter LogFile to value "results\sol\OptMultiple_False_0\log_NIA_25_1,1,1,1.txt"
Set parameter TimeLimit to value 18000
Set parameter MIPFocus to value 0
Set parameter NodefileStart to value 0.5
Gurobi Optimizer version 12.0.0 build v12.0.0rc1 (win64 - Windows 11.0 (26100.2))

CPU model: 12th Gen Intel(R) Core(TM) i5-12450H, instruction set [SSE2|AVX|AVX2]
Thread count: 8 physical cores, 12 logical processors, using up to 12 threads

Non-default parameters:
TimeLimit  18000
NodefileStart  0.5
Threads  12

Academic license 2625989 - for non-commercial use only - registered to aa___@up.edu.ph
Optimize a model with 117987 rows, 137372 columns and 505073 nonzeros
Model fingerprint: 0x190d8911
Model has 408 simple general constraints
  408 PWL
Variable types: 816 continuous, 136556 integer (136556 binary)
Coefficient statistics:
  Matrix range     [1e+00, 2e+03]
  Objective range  [2e-03, 2e-03]
  Bounds range     [1e+00, 1e+02]
  RHS range        [1e+00, 5e+00]
  PWLCon x range   [4e+02, 2e+03]
  PWLCon y range   [0e+00, 1e+02]
Presolve removed 829 rows and 10632 columns (presolve time = 5s)...
Presolve removed 8574 rows and 10823 columns (presolve time = 10s)...
Presolve removed 2862 rows and 5927 columns
Presolve time: 14.81s
Presolved: 115125 rows, 131445 columns, 483394 nonzeros
Variable types: 2856 continuous, 128589 integer (128589 binary)
Deterministic concurrent LP optimizer: primal and dual simplex
Showing primal log only...


Root simplex log...

Iteration    Objective       Primal Inf.    Dual Inf.      Time
       0    9.7463235e+01   4.829843e+03   4.271912e+10     20s
    3301    8.9138611e+01   2.240752e+02   3.589674e+09     20s
   19543    9.9003771e+01   0.000000e+00   1.340229e+00     25s
   20275    9.9012569e+01   0.000000e+00   0.000000e+00     29s
Concurrent spin time: 3.20s (can be avoided by choosing Method=3)

Solved with dual simplex

Root simplex log...

Iteration    Objective       Primal Inf.    Dual Inf.      Time
   15063    9.9012570e+01   0.000000e+00   0.000000e+00     33s

Root relaxation: objective 9.901257e+01, 15063 iterations, 15.34 seconds (1.96 work units)

    Nodes    |    Current Node    |     Objective Bounds      |     Work
 Expl Unexpl |  Obj  Depth IntInf | Incumbent    BestBd   Gap | It/Node Time

     0     0   99.01257    0 2040          -   99.01257      -     -   43s
     0     0   97.48872    0 1933          -   97.48872      -     -   45s
H    0     0                      86.7206022   97.48872  12.4%     -   57s
H    0     0                      86.7206023   97.38401  12.3%     -   73s
     0     0   92.61007    0 2440   86.72060   92.61007  6.79%     -  104s
     0     0   91.67437    0 2091   86.72060   91.67437  5.71%     -  157s
     0     0   91.67437    0 2091   86.72060   91.67437  5.71%     -  172s
     0     0   91.41917    0 2761   86.72060   91.41917  5.42%     -  217s
     0     0   91.33705    0 2625   86.72060   91.33705  5.32%     -  251s
     0     0   91.33406    0 2690   86.72060   91.33406  5.32%     -  289s
     0     0   91.22948    0 2657   86.72060   91.22948  5.20%     -  311s
     0     0   91.22901    0 2674   86.72060   91.22901  5.20%     -  317s
     0     0   90.99579    0 3467   86.72060   90.99579  4.93%     -  379s
     0     0   90.80191    0 3418   86.72060   90.80191  4.71%     -  392s
     0     0   90.77791    0 3493   86.72060   90.77791  4.68%     -  406s
     0     0   90.77129    0 3380   86.72060   90.77129  4.67%     -  411s
     0     0   90.77053    0 3519   86.72060   90.77053  4.67%     -  412s
     0     0   90.65353    0 3646   86.72060   90.65353  4.54%     -  430s
     0     0   90.53606    0 4200   86.72060   90.53606  4.40%     -  442s
     0     0   90.49776    0 4247   86.72060   90.49776  4.36%     -  463s
     0     0   90.48582    0 4309   86.72060   90.48582  4.34%     -  473s
     0     0   90.48376    0 4320   86.72060   90.48376  4.34%     -  475s
     0     0   90.48343    0 4326   86.72060   90.48343  4.34%     -  476s
     0     0   90.39646    0 4273   86.72060   90.39646  4.24%     -  503s
     0     0   90.37727    0 4543   86.72060   90.37727  4.22%     -  533s
     0     0   90.37118    0 4590   86.72060   90.37118  4.21%     -  563s
     0     0   90.36989    0 4707   86.72060   90.36989  4.21%     -  566s
     0     0   90.32378    0 4705   86.72060   90.32378  4.15%     -  624s
     0     0   90.30430    0 4831   86.72060   90.30430  4.13%     -  641s
     0     0   90.30013    0 4864   86.72060   90.30013  4.13%     -  642s
     0     0   90.29770    0 4893   86.72060   90.29770  4.12%     -  643s
     0     0   90.29728    0 4906   86.72060   90.29728  4.12%     -  643s
     0     0   90.24067    0 4884   86.72060   90.24067  4.06%     -  680s
     0     0   90.22800    0 4846   86.72060   90.22800  4.04%     -  687s
     0     0   90.22427    0 4985   86.72060   90.22427  4.04%     -  688s
     0     0   90.22324    0 5026   86.72060   90.22324  4.04%     -  689s
     0     0   90.17196    0 4971   86.72060   90.17196  3.98%     -  708s
     0     0   90.15359    0 5318   86.72060   90.15359  3.96%     -  732s
     0     0   90.14842    0 5244   86.72060   90.14842  3.95%     -  733s
     0     0   90.14710    0 5381   86.72060   90.14710  3.95%     -  734s
     0     0   90.09847    0 5090   86.72060   90.09847  3.90%     -  757s
     0     0   90.08435    0 5106   86.72060   90.08435  3.88%     -  784s
     0     0   90.08230    0 5147   86.72060   90.08230  3.88%     -  787s
     0     0   90.08156    0 5149   86.72060   90.08156  3.88%     -  788s
     0     0   90.03897    0 5241   86.72060   90.03897  3.83%     -  812s
     0     0   90.02914    0 5431   86.72060   90.02914  3.82%     -  829s
     0     0   90.02688    0 5466   86.72060   90.02688  3.81%     -  830s
     0     0   90.02582    0 5488   86.72060   90.02582  3.81%     -  831s
     0     0   90.00589    0 5548   86.72060   90.00589  3.79%     -  849s
     0     0   90.00130    0 5568   86.72060   90.00130  3.78%     -  858s
     0     0   89.99977    0 5587   86.72060   89.99977  3.78%     -  860s
     0     0   89.96414    0 5285   86.72060   89.96414  3.74%     -  876s
     0     0   89.96269    0 5488   86.72060   89.96269  3.74%     -  918s
     0     0   89.93029    0 5207   86.72060   89.93029  3.70%     -  933s
     0     0   89.92704    0 5442   86.72060   89.92704  3.70%     -  944s
     0     0   89.92616    0 5473   86.72060   89.92616  3.70%     -  946s
     0     0   89.87635    0 5525   86.72060   89.87635  3.64%     -  971s
     0     0   89.86846    0 5561   86.72060   89.86846  3.63%     -  981s
     0     0   89.86759    0 5576   86.72060   89.86759  3.63%     -  983s
     0     0   89.83541    0 5448   86.72060   89.83541  3.59%     - 1003s
     0     0   89.83329    0 5584   86.72060   89.83329  3.59%     - 1024s
     0     0   89.80879    0 5346   86.72060   89.80879  3.56%     - 1037s
     0     0   89.80677    0 5656   86.72060   89.80677  3.56%     - 1040s
     0     0   89.79552    0 5693   86.72060   89.79552  3.55%     - 1056s
     0     0   89.78436    0 5726   86.72060   89.78436  3.53%     - 1064s
     0     0   89.78436    0 5595   86.72060   89.78436  3.53%     - 1065s
     0     0   89.76132    0 5312   86.72060   89.76132  3.51%     - 1078s
     0     0   89.75926    0 5477   86.72060   89.75926  3.50%     - 1081s
     0     0   89.73943    0 5501   86.72060   89.73943  3.48%     - 1114s
     0     0   89.73738    0 5642   86.72060   89.73738  3.48%     - 1121s
     0     0   89.72540    0 5190   86.72060   89.72540  3.46%     - 1135s
     0     0   89.67006    0 5148   86.72060   89.67006  3.40%     - 1153s
     0     2   89.66850    0 5148   86.72060   89.66850  3.40%     - 1185s
     3     8   89.55388    2 5222   86.72060   89.60684  3.33%   897 1190s
     7    16   89.51504    3 5575   86.72060   89.51504  3.22%  1558 1202s
    15    28   89.46863    4 5573   86.72060   89.47217  3.17%  2147 1210s
    27    47   89.43766    5 5720   86.72060   89.46700  3.17%  1751 1224s
    46    59   89.43276    6 5117   86.72060   89.46700  3.17%  1656 1240s
    58    85   89.41813    6 5105   86.72060   89.46700  3.17%  1834 1252s
    84   122   89.39850    7 4955   86.72060   89.46700  3.17%  1605 1258s
   121   167   89.22780    7 5113   86.72060   89.46700  3.17%  1244 1268s
   166   206   89.38850    8 4946   86.72060   89.46700  3.17%  1015 1274s
   205   249   89.30689   11 4856   86.72060   89.46700  3.17%   896 1280s
   248   283   89.28668   12 4755   86.72060   89.46700  3.17%   779 1285s
   282   315   89.25918   13 4653   86.72060   89.46700  3.17%   727 1290s
   359   402   89.18916   16 4530   86.72060   89.46700  3.17%   620 1298s
   401   433   89.17224   17 4514   86.72060   89.46700  3.17%   571 1303s
   432   463   89.12696   19 4659   86.72060   89.46700  3.17%   553 1308s
   462   512   89.07937   21 4589   86.72060   89.46700  3.17%   540 1312s
   511   551   89.05646   22 4576   86.72060   89.46700  3.17%   501 1317s
   550   593   89.02237   24 3499   86.72060   89.46700  3.17%   485 1321s
   592   648   89.01858   24 4359   86.72060   89.46700  3.17%   473 1327s
   647   700   88.99695   25 3479   86.72060   89.46700  3.17%   451 1347s
   699   724   88.93899   28 3433   86.72060   89.46700  3.17%   438 1352s
   723   794   88.90281   30 3299   86.72060   89.46700  3.17%   436 1367s
   793   880   88.87157   32 3146   86.72060   89.46700  3.17%   413 1374s
Created node file directory './grbnodes1'
   879   981   88.79118   37 3085   86.72060   89.46700  3.17%   386 1381s
   980  1091   88.62395   47 2853   86.72060   89.46700  3.17%   357 1389s
  1066  1091   87.96221   75 2636   86.72060   89.46700  3.17%   335 1390s
  1090  1234   88.50440   55 2772   86.72060   89.46700  3.17%   331 1398s
  1233  1408   88.43300   65 2555   86.72060   89.46700  3.17%   298 1406s
  1407  1579   88.31304   80 2185   86.72060   89.46700  3.17%   266 1414s
  1578  1727   88.19924   94 2064   86.72060   89.46700  3.17%   242 1423s
  1726  1873   87.84361  102 1967   86.72060   89.46700  3.17%   226 1431s
  1872  2036   87.90032  114 1859   86.72060   89.46700  3.17%   213 1440s
  2035  2148   87.77612  130 1730   86.72060   89.46700  3.17%   201 1449s
  2147  2309   87.50081  136 1656   86.72060   89.46700  3.17%   194 1459s
  2308  2507   87.54657  149 1541   86.72060   89.46700  3.17%   185 1468s
  2506  2716   87.45255  164 1415   86.72060   89.46700  3.17%   174 1478s
  2717  2931   87.36591  180 1328   86.72060   89.46700  3.17%   162 1488s
  2938  3162   87.30602  196 1258   86.72060   89.46700  3.17%   151 1501s
  3176  3280   87.19876  214 1131   86.72060   89.46700  3.17%   141 1520s
  3300  3287   87.12537  230 1032   86.72060   89.46700  3.17%   137 1533s
  3315  3321   87.12391  231 1029   86.72060   89.46700  3.17%   137 1546s
  3361  3492   87.12298  232 1026   86.72060   89.41813  3.11%   136 1556s
  3542  3813   87.08726  253  955   86.72060   89.41813  3.11%   130 1572s
  3926  4018   87.00872  312  759   86.72060   89.41813  3.11%   120 1586s
  4151  4246   86.94057  349  602   86.72060   89.41797  3.11%   117 1605s
  4398  4256   86.85241  395  438   86.72060   89.41797  3.11%   115 1627s
  4411  4264     cutoff  395        86.72060   89.41797  3.11%   115 1645s
  4425  4273   86.84641  397  427   86.72060   89.41797  3.11%   117 1662s
  4442  4297   86.84600  398  419   86.72060   89.41797  3.11%   118 1679s
  4471  4339   86.84237  411  381   86.72060   89.41797  3.11%   120 1697s
  4526  4371   86.78757  448  221   86.72060   89.37474  3.06%   122 1714s
  4574  4388   89.10676   13 4456   86.72060   89.36204  3.05%   124 1730s
  4592  4426   89.05802   15 4679   86.72060   89.36204  3.05%   126 1746s
  4635  4463   89.00083   17 4587   86.72060   89.36204  3.05%   127 1759s
  4678  4481   88.95146   19 4426   86.72060   89.36204  3.05%   130 1771s
  4704  4505   88.92354   20 4351   86.72060   89.36204  3.05%   131 1788s
  4735  4537   88.84354   24 4120   86.72060   89.36204  3.05%   134 1803s
  4768  4538   88.91195   14 5148   86.72060   89.36204  3.05%   138 1980s
  4770  4539   88.98742   16 2606   86.72060   89.36204  3.05%   138 2067s
  4771  4540   88.66396   26 2969   86.72060   89.36204  3.05%   138 2084s
  4772  4541   88.51817   32 2043   86.72060   89.36204  3.05%   137 2089s
  4773  4541   88.71475    9 3403   86.72060   88.94206  2.56%   137 2100s
  4774  4542   88.74761   18 3584   86.72060   88.74761  2.34%   137 2119s
  4775  4543   88.67644   29 3927   86.72060   88.69111  2.27%   137 2131s
  4776  4543   88.66723   12 4001   86.72060   88.66723  2.24%   137 2143s
  4777  4544   88.66096    7 4065   86.72060   88.66096  2.24%   137 2160s
  4778  4545   88.60744   36 4091   86.72060   88.65866  2.23%   137 2169s
  4779  4545   88.65799   32 4100   86.72060   88.65799  2.23%   137 2209s
  4780  4546   88.39039   41 4174   86.72060   88.39039  1.93%   137 2289s
  4781  4547   88.25010   26 4264   86.72060   88.25010  1.76%   137 2313s
  4782  4547   88.20940   22 4346   86.72060   88.20940  1.72%   137 2344s
  4783  4548   88.19199   29 4362   86.72060   88.19199  1.70%   137 2373s
  4784  4549   88.18511   23 4403   86.72060   88.18511  1.69%   137 2383s
  4785  4549   88.18299   13 4428   86.72060   88.18299  1.69%   137 2387s
  4786  4550   88.18184   20 4453   86.72060   88.18184  1.69%   137 2424s
  4787  4551   88.02871   25 4310   86.72060   88.02871  1.51%   137 2495s
  4788  4551   87.91606   17 4179   86.72060   87.91606  1.38%   137 2515s
  4789  4552   87.88139   28 4457   86.72060   87.88139  1.34%   137 2527s
  4791  4553   87.86557   16 4531   86.72060   87.86557  1.32%   137 2530s
  4793  4555   87.85812   24 4552   86.72060   87.85812  1.31%   137 2571s
  4794  4555   87.80219   30 4650   86.72060   87.80219  1.25%   137 2619s
  4795  4556   87.79042   23 4707   86.72060   87.79042  1.23%   137 2621s
  4798  4558   87.77935   20 4916   86.72060   87.77935  1.22%   137 2665s
  4799  4559   87.75241   22 4858   86.72060   87.75241  1.19%   137 2707s
  4801  4560   87.74284   27 4928   86.72060   87.74284  1.18%   137 2710s
  4802  4561   87.74133   35 4953   86.72060   87.74133  1.18%   137 2747s
  4803  4561   87.71498   19 4571   86.72060   87.71498  1.15%   137 2808s
  4804  4562   87.70868    9 4900   86.72060   87.70868  1.14%   137 2811s
  4806  4563   87.70224   35 4801   86.72060   87.70224  1.13%   137 2815s
  4807  4564   86.79290  175 4820   86.72060   87.70177  1.13%   136 2882s
  4808  4565   87.69312    9 4609   86.72060   87.69312  1.12%   136 2957s
  4810  4566   87.68302    6 4929   86.72060   87.68302  1.11%   136 2962s
  4811  4567   87.68180   20 4942   86.72060   87.68180  1.11%   136 3030s
  4812  4567   87.67195   18 4902   86.72060   87.67195  1.10%   136 3090s
  4815  4569   87.66532    9 4944   86.72060   87.66532  1.09%   136 3130s
  4816  4570   87.65788   20 4921   86.72060   87.65788  1.08%   136 3178s
  4817  4571   87.65495   21 4861   86.72060   87.65495  1.08%   136 3180s
  4818  4571   87.65403   21 4958   86.72060   87.65403  1.08%   136 3186s
  4819  4572   87.64694   19 4619   86.72060   87.64694  1.07%   136 3196s
  4821  4573   87.64396   13 4641   86.72060   87.64396  1.06%   136 3204s
  4822  4574   87.63863   41 4648   86.72060   87.63863  1.06%   136 3214s
  4823  4575   87.63679    7 4658   86.72060   87.63679  1.06%   136 3216s
  4824  4575   87.63621   27 4696   86.72060   87.63621  1.06%   136 3222s
  4825  4576   87.63271   15 4674   86.72060   87.63271  1.05%   136 3230s
  4830  4580   87.63271   23 2442   86.72060   87.63271  1.05%   161 3257s
  4831  4581   87.63271   16 3276   86.72060   87.63271  1.05%   160 3279s
  4832  4582   87.63271   26 1799   86.72060   87.63271  1.05%   160 3290s
  4833  4582   87.62325   31 3370   86.72060   87.62325  1.04%   160 3315s
  4834  4583   87.62325   13 3780   86.72060   87.62325  1.04%   160 3327s
  4835  4584   87.62325   55 4142   86.72060   87.62325  1.04%   160 3340s
  4836  4584   87.62325   19 4549   86.72060   87.62325  1.04%   160 3351s
  4837  4585   87.62325   14 4774   86.72060   87.62325  1.04%   160 3361s
  4838  4586   87.62325   13 4525   86.72060   87.62325  1.04%   160 3368s
  4839  4586   87.61886   11 4577   86.72060   87.61886  1.04%   160 3377s
  4840  4587   87.61879    8 4555   86.72060   87.61879  1.04%   160 3403s
  4841  4588   87.61303   33 4573   86.72060   87.61303  1.03%   160 3409s
  4842  4588   87.61248   29 4557   86.72060   87.61248  1.03%   160 3421s
  4843  4589   87.58918   24 4534   86.72060   87.58918  1.00%   160 3461s
  4844  4590   87.58688    8 4534   86.72060   87.58688  1.00%   160 3472s
  4845  4590   87.58616   16 4556   86.72060   87.58616  1.00%   160 3487s
  4846  4591   87.57612   22 4530   86.72060   87.57612  0.99%   160 3522s
  4847  4592   87.57103   28 4542   86.72060   87.57103  0.98%   160 3528s
  4848  4592   87.56957   45 4556   86.72060   87.56957  0.98%   160 3533s
  4849  4593   87.55909   34 4520   86.72060   87.55909  0.97%   160 3555s
  4851  4594   87.55583    8 4581   86.72060   87.55583  0.96%   160 3565s
  4852  4595   87.53984   17 4469   86.72060   87.53984  0.94%   160 3595s
  4853  4596   87.53840   53 4480   86.72060   87.53840  0.94%   160 3601s
  4854  4596   87.53747   29 4495   86.72060   87.53747  0.94%   160 3606s
  4855  4597   87.52889   25 4286   86.72060   87.52889  0.93%   160 3625s
  4857  4598   87.52464    8 4332   86.72060   87.52464  0.93%   160 3633s
  4858  4599   87.48825   32 4295   86.72060   87.48825  0.89%   160 3650s
  4860  4600   87.48271   12 4465   86.72060   87.48271  0.88%   160 3658s
  4861  4601   87.47628   23 4458   86.72060   87.47628  0.87%   160 3678s
  4862  4602   87.47513   11 4341   86.72060   87.47513  0.87%   159 3683s
  4863  4602   87.45340   40 4435   86.72060   87.45340  0.85%   159 3700s
  4864  4603   87.44967    9 4776   86.72060   87.44967  0.84%   159 3727s
  4866  4604   87.44694    9 4713   86.72060   87.44694  0.84%   159 3732s
  4867  4605   87.44243    9 4737   86.72060   87.44243  0.83%   159 3746s
  4868  4606   87.44106   14 4730   86.72060   87.44106  0.83%   159 3752s
  4869  4606   87.43863    8 4694   86.72060   87.43863  0.83%   159 3779s
  4870  4607   87.43720   16 4737   86.72060   87.43720  0.83%   159 3784s
  4871  4608   87.43522   26 4731   86.72060   87.43522  0.82%   159 3793s
  4872  4608   87.43444   32 4738   86.72060   87.43444  0.82%   159 3798s
  4873  4609   87.43294    9 4771   86.72060   87.43294  0.82%   159 3809s
  4874  4610   87.43294   18 4771   86.72060   87.43294  0.82%   159 3832s
  4875  4610   87.43294   29 4771   86.72060   87.43294  0.82%   159 3881s
  4876  4614   87.40487   21 4832   86.72060   87.43191  0.82%   175 3928s
  4878  4617   87.37711   22 4778   86.72060   87.40325  0.79%   175 3935s
  4882  4624   87.34766   23 4756   86.72060   87.37630  0.76%   176 3940s
  4890  4633   87.33659   24 4591   86.72060   87.34744  0.72%   177 3945s
  4902  4652   87.32267   25 4458   86.72060   87.33555  0.71%   179 3954s
  4927  4661   87.30425   26 3800   86.72060   87.33555  0.71%   181 3962s
  4947  4678   87.12284   26 4542   86.72060   87.33555  0.71%   185 3970s
  4991  4695   87.10696   27 3914   86.72060   87.33555  0.71%   187 3979s
  5013  4710   87.28286   28 3744   86.72060   87.33555  0.71%   188 3985s
  5041  4722   87.26240   29 3649   86.72060   87.26240  0.62%   189 3990s
  5072  4733   87.05941   30 3635   86.72060   87.24813  0.61%   190 3995s
  5141  4740   87.22634   32 3281   86.72060   87.22634  0.58%   191 4003s
  5174  4746   87.22267   33 3262   86.72060   87.22267  0.58%   192 4008s
  5209  4746   87.02044   34 3585   86.72060   87.21214  0.57%   192 4013s
  5240  4749   87.19626   35 3436   86.72060   87.19626  0.55%   192 4018s
  5271  4758   87.18900   36 3238   86.72060   87.18900  0.54%   194 4023s
  5304  4769   87.17181   37 3223   86.72060   87.17219  0.52%   194 4027s
  5344  4771   87.16291   38 3205   86.72060   87.17219  0.52%   194 4034s
  5386  4784   87.15313   39 3200   86.72060   87.15808  0.50%   195 4039s
  5415  4809   86.93749   40 3176   86.72060   87.15808  0.50%   196 4044s
  5453  4831   87.13255   42 3028   86.72060   87.15808  0.50%   197 4048s
  5495  4846   87.11331   44 3015   86.72060   87.15808  0.50%   197 4054s
  5538  4858   87.10835   45 3004   86.72060   87.15653  0.50%   198 4061s
  5595  4858   87.09847   47 2971   86.72060   87.15653  0.50%   198 4066s
  5641  4853   87.08563   49 2954   86.72060   87.15653  0.50%   198 4071s
  5673  4876   87.07474   50 2946   86.72060   87.14122  0.49%   199 4076s
  5728  4882   86.87928   51 2915   86.72060   87.14122  0.49%   198 4083s
  5785  4877   87.05667   53 2916   86.72060   87.13509  0.48%   199 4099s
  5851  4890   86.83834   55 2881   86.72060   87.13080  0.47%   199 4107s
  5904  4900   86.91035   57 2883   86.72060   87.13080  0.47%   200 4113s
  5962  4908   86.99898   60 2834   86.72060   87.13080  0.47%   199 4121s
  6032  4912   86.98959   62 2820   86.72060   87.13080  0.47%   199 4131s
  6090  4922   86.76365   64 2804   86.72060   87.10800  0.45%   200 4141s
  6136  4952   86.78232   66 2779   86.72060   87.10800  0.45%   202 4151s
  6196  4972   86.89987   70 2118   86.72060   87.10800  0.45%   203 4162s
  6264  4974   86.91993   75 1975   86.72060   87.10800  0.45%   205 4177s
  6337  4988   86.90438   82 1003   86.72060   87.10800  0.45%   206 4189s
  6406  5002     cutoff   90        86.72060   87.10800  0.45%   208 4201s
  6472  5029   86.87985  104  856   86.72060   87.10800  0.45%   209 4213s
  6548  5038   86.78585  115  791   86.72060   87.10800  0.45%   210 4225s
  6634  5019     cutoff  126        86.72060   87.10800  0.45%   210 4246s
  6647  5029     cutoff  127        86.72060   87.10800  0.45%   211 4263s
  6669  5053     cutoff  133        86.72060   87.10800  0.45%   211 4278s
  6729  5099   86.78984  149  567   86.72060   87.10800  0.45%   210 4291s
  6837  5099     cutoff  165        86.72060   87.10800  0.45%   209 4307s
  6945  5111     cutoff  183        86.72060   87.08834  0.42%   210 4322s
  7052  5138     cutoff  203        86.72060   87.04257  0.37%   211 4337s
  7157  5126   86.86444   30 4523   86.72060   87.04257  0.37%   212 4353s
  7257  5113   86.82121   33 3999   86.72060   87.04257  0.37%   214 4379s
  7359  5100   86.76829   38 3284   86.72060   87.04257  0.37%   215 4395s
  7464  5098   86.79074   34 3880   86.72060   87.04257  0.37%   217 4412s
  7560  5090     cutoff   43        86.72060   87.01743  0.34%   220 4430s
  7666  5082   86.74532   41 3539   86.72060   87.01562  0.34%   222 4449s
  7772  5077   86.73360   42 3708   86.72060   86.99716  0.32%   224 4495s
  7884  5068   86.76132   27 4227   86.72060   86.99484  0.32%   226 4535s
  8006  5063   86.75073   27 4391   86.72060   86.97687  0.30%   228 4572s
  8068  5060     cutoff   28        86.72060   86.97687  0.30%   228 4605s
  8152  5067   86.74173   28 4430   86.72060   86.97510  0.29%   229 4635s
H 8175  4827                      86.7206023   86.97510  0.29%   230 4635s
  8253  4834     cutoff   40        86.72060   86.97055  0.29%   231 4668s
  8379  4840     cutoff   30        86.72060   86.96362  0.28%   234 4697s
  8546  4906   86.73162   28 4570   86.72060   86.95737  0.27%   236 4729s
  8612  4884     cutoff   45        86.72060   86.95737  0.27%   236 4730s
  8773  4963   86.83421   34 3772   86.72060   86.95610  0.27%   237 4761s
  9020  4909   86.74007   47 3127   86.72060   86.95300  0.27%   236 4795s
  9193  4854     cutoff   29        86.72060   86.94522  0.26%   240 4828s
  9348  4827   86.77018   84 1906   86.72060   86.93697  0.25%   245 4864s
  9553  4820     cutoff   37        86.72060   86.92303  0.23%   248 4911s
  9770  4840   86.74016   68 2353   86.72060   86.91779  0.23%   250 4949s
 10008  4868   86.84289   82 2206   86.72060   86.91420  0.22%   250 4990s
 10324  4979   86.75803   72 2138   86.72060   86.90554  0.21%   248 5033s
 10805  4817     cutoff  114        86.72060   86.89646  0.20%   242 5078s
 11139  4781     cutoff   35        86.72060   86.88806  0.19%   241 5119s
 11441  4670   86.80351   79 2297   86.72060   86.88497  0.19%   239 5164s
 11833  4568   86.77952   39 3646   86.72060   86.88119  0.19%   235 5210s
 12181  4405     cutoff   41        86.72060   86.87370  0.18%   233 5259s
 12635  4129     cutoff   39        86.72060   86.84729  0.15%   232 5310s
 13303  3722   86.74549   43 3657   86.72060   86.82923  0.13%   228 5365s
 14148  3133     cutoff   61        86.72060   86.81091  0.10%   220 5420s
 14837  2458     cutoff  110        86.72060   86.79319  0.08%   216 5480s
 15632  1582     cutoff  181        86.72060   86.78521  0.07%   211 5541s
 16593   534     cutoff   68        86.72060   86.75923  0.04%   205 5581s
*17006   177             238      86.7206032   86.75845  0.04%   201 5582s
 17550     0   86.72603  218  152   86.72060   86.73493  0.02%   196 5585s

Cutting planes:
  Gomory: 2
  Cover: 602
  Implied bound: 347
  Projected implied bound: 123
  Clique: 12
  MIR: 896
  Mixing: 4
  StrongCG: 1
  Flow cover: 1391
  GUB cover: 460
  Inf proof: 1
  Zero half: 1
  RLT: 109
  Relax-and-lift: 361
  BQP: 1

Explored 17616 nodes (3571693 simplex iterations) in 5585.49 seconds (1560.85 work units)
Thread count was 12 (of 12 available processors)

Solution count 1: 86.7206 

Optimal solution found (tolerance 1.00e-04)
Warning: max constraint violation (3.9266e-04) exceeds tolerance
Warning: max general constraint violation (3.9266e-04) exceeds tolerance
Best objective 8.672060320043e+01, best bound 8.672060320043e+01, gap 0.0000%
