
Gurobi 12.0.0 (win64) logging started Thu Dec 11 16:10:32 2025

Set parameter LogFile to value "results\sol\OptMultiple_False_0\log_NIA_24_1,1,1,1.txt"
Set parameter TimeLimit to value 18000
Set parameter MIPFocus to value 0
Set parameter NodefileStart to value 0.5
Gurobi Optimizer version 12.0.0 build v12.0.0rc1 (win64 - Windows 11.0 (26100.2))

CPU model: 12th Gen Intel(R) Core(TM) i5-12450H, instruction set [SSE2|AVX|AVX2]
Thread count: 8 physical cores, 12 logical processors, using up to 12 threads

Non-default parameters:
TimeLimit  18000
NodefileStart  0.5
Threads  12

Academic license 2625989 - for non-commercial use only - registered to aa___@up.edu.ph
Optimize a model with 94340 rows, 99616 columns and 384088 nonzeros
Model fingerprint: 0x3e25e672
Model has 264 simple general constraints
  264 PWL
Variable types: 528 continuous, 99088 integer (99088 binary)
Coefficient statistics:
  Matrix range     [1e+00, 1e+03]
  Objective range  [4e-03, 4e-03]
  Bounds range     [1e+00, 1e+02]
  RHS range        [1e+00, 1e+01]
  PWLCon x range   [4e+02, 2e+03]
  PWLCon y range   [0e+00, 1e+02]
Presolve added 786 rows and 0 columns
Presolve removed 0 rows and 849 columns
Presolve time: 2.85s
Presolved: 95126 rows, 98767 columns, 381306 nonzeros
Variable types: 1848 continuous, 96919 integer (96919 binary)
Deterministic concurrent LP optimizer: primal and dual simplex
Showing primal log only...


Root simplex log...

Iteration    Objective       Primal Inf.    Dual Inf.      Time
   17029    9.7791449e+01   0.000000e+00   4.163833e+01      5s
   27931    9.8632836e+01   0.000000e+00   0.000000e+00      8s
Concurrent spin time: 1.56s (can be avoided by choosing Method=3)

Solved with primal simplex
   27931    9.8632836e+01   0.000000e+00   0.000000e+00     10s

Root relaxation: objective 9.863284e+01, 27931 iterations, 5.82 seconds (2.44 work units)

    Nodes    |    Current Node    |     Objective Bounds      |     Work
 Expl Unexpl |  Obj  Depth IntInf | Incumbent    BestBd   Gap | It/Node Time

     0     0   98.63284    0 1320          -   98.63284      -     -   10s
     0     0   97.66859    0 1276          -   97.66859      -     -   11s
H    0     0                      74.5850202   97.66859  30.9%     -   15s
H    0     0                      84.4508574   90.20762  6.82%     -   28s
     0     0   90.20762    0 2998   84.45086   90.20762  6.82%     -   33s
     0     0   89.70348    0 3713   84.45086   89.70348  6.22%     -   92s
     0     0   89.62088    0 3405   84.45086   89.62088  6.12%     -  114s
     0     0   89.60766    0 3284   84.45086   89.60766  6.11%     -  123s
     0     0   89.60712    0 3285   84.45086   89.60712  6.11%     -  129s
     0     0   89.30933    0 4172   84.45086   89.30933  5.75%     -  170s
     0     0   89.23364    0 4383   84.45086   89.23364  5.66%     -  205s
     0     0   89.21692    0 4319   84.45086   89.21692  5.64%     -  218s
     0     0   89.21363    0 4493   84.45086   89.21363  5.64%     -  226s
     0     0   89.21278    0 4560   84.45086   89.21278  5.64%     -  235s
     0     0   89.11972    0 4823   84.45086   89.11972  5.53%     -  340s
     0     0   89.08552    0 4976   84.45086   89.08552  5.49%     -  448s
     0     0   89.08022    0 4979   84.45086   89.08022  5.48%     -  462s
     0     0   89.07883    0 5091   84.45086   89.07883  5.48%     -  466s
     0     0   88.99443    0 5263   84.45086   88.99443  5.38%     -  511s
     0     0   88.97905    0 5435   84.45086   88.97905  5.36%     -  525s
     0     0   88.97613    0 5282   84.45086   88.97613  5.36%     -  530s
     0     0   88.97578    0 5317   84.45086   88.97578  5.36%     -  532s
     0     0   88.89340    0 5781   84.45086   88.89340  5.26%     -  604s
     0     0   88.88809    0 5700   84.45086   88.88809  5.25%     -  609s
     0     0   88.88681    0 5712   84.45086   88.88681  5.25%     -  613s
     0     0   88.87069    0 5930   84.45086   88.87069  5.23%     -  663s
     0     0   88.86523    0 6012   84.45086   88.86523  5.23%     -  671s
     0     0   88.86453    0 6010   84.45086   88.86453  5.23%     -  673s
     0     0   88.85409    0 5960   84.45086   88.85409  5.21%     -  708s
     0     0   88.85267    0 5905   84.45086   88.85267  5.21%     -  712s
     0     0   88.80840    0 5992   84.45086   88.80840  5.16%     -  763s
     0     0   88.80475    0 6176   84.45086   88.80475  5.16%     -  772s
     0     0   88.80358    0 6183   84.45086   88.80358  5.15%     -  774s
     0     0   88.75416    0 5623   84.45086   88.75416  5.10%     -  820s
     0     0   88.74986    0 5966   84.45086   88.74986  5.09%     -  829s
     0     0   88.74924    0 6064   84.45086   88.74924  5.09%     -  831s
     0     0   88.73975    0 5805   84.45086   88.73975  5.08%     -  839s
     0     0   88.73839    0 6110   84.45086   88.73839  5.08%     -  852s
     0     0   88.70883    0 5703   84.45086   88.70883  5.04%     -  867s
     0     0   88.70503    0 5883   84.45086   88.70503  5.04%     -  870s
     0     0   88.70418    0 6162   84.45086   88.70418  5.04%     -  877s
     0     0   88.69539    0 5992   84.45086   88.69539  5.03%     -  919s
     0     0   88.69397    0 6259   84.45086   88.69397  5.02%     -  924s
     0     0   88.66081    0 6238   84.45086   88.66081  4.99%     -  941s
     0     0   88.65834    0 5854   84.45086   88.65834  4.98%     -  946s
     0     0   88.65812    0 6187   84.45086   88.65812  4.98%     -  953s
     0     0   88.62919    0 5717   84.45086   88.62919  4.95%     -  967s
     0     0   88.62805    0 5852   84.45086   88.62805  4.95%     -  973s
     0     0   88.62530    0 6551   84.45086   88.62530  4.94%     -  985s
     0     0   88.62511    0 6223   84.45086   88.62511  4.94%     -  988s
     0     0   88.60420    0 6055   84.45086   88.60420  4.92%     - 1004s
     0     0   88.60010    0 6008   84.45086   88.60010  4.91%     - 1010s
     0     0   88.59989    0 6730   84.45086   88.59989  4.91%     - 1012s
     0     0   88.59548    0 6288   84.45086   88.59548  4.91%     - 1020s
     0     0   88.59470    0 7102   84.45086   88.59470  4.91%     - 1030s
     0     0   88.59146    0 6844   84.45086   88.59146  4.90%     - 1039s
     0     0   88.58637    0 6132   84.45086   88.58637  4.90%     - 1049s
     0     2   88.58535    0 6132   84.45086   88.58535  4.90%     - 1154s
     1     4   88.58535    1 5995   84.45086   88.58535  4.90%   603 1167s
     3     8   88.57458    2 5663   84.45086   88.58535  4.90%  3554 1186s
     7    14   88.56233    3 5520   84.45086   88.57454  4.88%  4588 1220s
    15    22   88.55677    4 5372   84.45086   88.56219  4.87%  4504 1243s
    27    41   88.54272    5 5320   84.45086   88.55676  4.86%  3647 1281s
    48    77   88.52229    6 5643   84.45086   88.53933  4.84%  3006 1307s
    90    90   88.48556    7 5624   84.45086   88.53933  4.84%  1955 1328s
   113   112   88.47373    8 5277   84.45086   88.53933  4.84%  1745 1355s
   143   124   88.45356    9 5439   84.45086   88.53933  4.84%  1585 1366s
   155   136   88.39510   10 5653   84.45086   88.53933  4.84%  1518 1378s
   167   154   88.37257   11 5535   84.45086   88.53933  4.84%  1472 1395s
   187   174   88.35348   12 5140   84.45086   88.53933  4.84%  1384 1404s
   207   185   88.34911   13 4869   84.45086   88.53933  4.84%  1295 1416s
   220   194   88.34640   14 4927   84.45086   88.53933  4.84%  1250 1437s
   235   203   88.33013   15 5107   84.45086   88.53933  4.84%  1257 1456s
   252   222   88.28375   16 5084   84.45086   88.53933  4.84%  1257 1472s
   275   241   88.25480   17 5074   84.45086   88.53933  4.84%  1206 1488s
   294   259   88.23578   18 5066   84.45086   88.53933  4.84%  1181 1504s
   312   276   88.20343   19 4945   84.45086   88.53933  4.84%  1156 1520s
   329   294   88.19926   20 5173   84.45086   88.53933  4.84%  1144 1534s
   347   317   88.16450   21 4954   84.45086   88.53933  4.84%  1146 1555s
   370   348   88.12052   22 4789   84.45086   88.53933  4.84%  1121 1570s
   403   377   88.08339   23 4570   84.45086   88.53933  4.84%  1078 1590s
   436   415   87.67968   23 4152   84.45086   88.53933  4.84%  1063 1606s
   480   446   88.01165   24 4289   84.45086   88.53933  4.84%  1036 1629s
   527   491   87.77104   24 4454   84.45086   88.53933  4.84%   984 1642s
   582   563   87.98176   25 4128   84.45086   88.53933  4.84%   929 1660s
   660   654   87.91147   27 4224   84.45086   88.53933  4.84%   856 1675s
   751   742   87.86086   29 4191   84.45086   88.53933  4.84%   789 1700s
   843   866   87.85524   30 4057   84.45086   88.53933  4.84%   725 1710s
   969   996   87.83886   31 3431   84.45086   88.53933  4.84%   659 1723s
Created node file directory './grbnodes0'
  1107  1089   87.80879   32 3424   84.45086   88.53933  4.84%   594 1738s
  1206  1135   87.73163   33 3151   84.45086   88.53933  4.84%   559 1752s
  1254  1267   87.71924   35 3433   84.45086   88.53933  4.84%   548 1773s
  1402  1462   87.58839   38 3412   84.45086   88.53933  4.84%   501 1786s
  1617  1686   87.53195   41 3100   84.45086   88.53933  4.84%   446 1796s
  1861  1969   87.44447   44 3195   84.45086   88.53933  4.84%   398 1811s
  2150  2262   87.29578   46 2835   84.45086   88.53933  4.84%   352 1823s
  2464  2502   87.24087   48 2966   84.45086   88.52205  4.82%   315 1836s
  2768  2713   87.19230   49 3021   84.45086   88.52205  4.82%   290 1853s
  3037  2904   87.15910   50 2987   84.45086   88.52205  4.82%   273 1878s
  3260  2905   87.61098   48 6132   84.45086   88.50245  4.80%   265 2029s
  3262  2906   88.01115   25 1326   84.45086   88.50245  4.80%   265 2052s
  3263  2907   87.61626   46 2379   84.45086   87.78228  3.94%   265 2094s
  3264  2908   86.99930   19 2581   84.45086   86.99930  3.02%   265 2106s
  3265  2908   84.55680  295 3389   84.45086   86.60516  2.55%   265 2119s
  3266  2909   86.52918   29 2911   84.45086   86.52918  2.46%   265 2128s
  3267  2910   86.51334   16 3299   84.45086   86.51334  2.44%   265 2136s
  3268  2910   84.61089  318 3303   84.45086   86.51156  2.44%   264 2143s
  3269  2911   86.51148   12 3302   84.45086   86.51148  2.44%   264 2195s
  3270  2912   86.24477   38 3829   84.45086   86.24477  2.12%   264 2251s
  3271  2912   86.14255   26 3895   84.45086   86.14255  2.00%   264 2271s
  3272  2913   86.11865   49 4050   84.45086   86.11865  1.97%   264 2282s
  3273  2914   86.11349   45 4179   84.45086   86.11349  1.97%   264 2310s
  3274  2914   86.11246   30 4239   84.45086   86.11246  1.97%   264 2326s
  3275  2915   86.11216   30 4319   84.45086   86.11216  1.97%   264 2361s
  3276  2916   85.93488   18 4365   84.45086   85.93488  1.76%   264 2480s
  3277  2916   85.86456   53 4534   84.45086   85.86456  1.67%   264 2537s
  3278  2917   84.50430  289 4469   84.45086   85.84672  1.65%   264 2544s
  3279  2918   85.84125   27 4423   84.45086   85.84125  1.65%   264 2546s
  3282  2920   84.65617  257 4402   84.45086   85.83926  1.64%   263 2577s
  3283  2920   85.78172   26 4812   84.45086   85.78172  1.58%   263 2710s
  3284  2921   85.76380   14 4866   84.45086   85.76380  1.55%   263 2743s
  3285  2922   85.76045   32 4725   84.45086   85.76045  1.55%   263 2745s
  3288  2924   85.75858   63 4693   84.45086   85.75858  1.55%   263 2799s
  3289  2924   85.69825   19 5101   84.45086   85.69825  1.48%   263 2902s
  3290  2925   85.69137   12 4903   84.45086   85.69137  1.47%   263 2911s
  3292  2926   85.68819   24 5136   84.45086   85.68819  1.47%   263 2920s
  3293  2927   85.68789   28 5009   84.45086   85.68789  1.46%   262 2971s
  3294  2928   85.65373   44 4686   84.45086   85.65373  1.42%   262 3064s
  3295  2928   85.64990   26 4759   84.45086   85.64990  1.42%   262 3067s
  3296  2929   85.64794   40 5065   84.45086   85.64794  1.42%   262 3087s
  3297  2930   85.64713   31 5092   84.45086   85.64713  1.42%   262 3095s
  3298  2930   85.64664   43 5241   84.45086   85.64664  1.42%   262 3102s
  3299  2931   85.64648   38 5060   84.45086   85.64648  1.42%   262 3164s
  3300  2932   85.59990   15 4896   84.45086   85.59990  1.36%   262 3194s
  3301  2932   85.59389   14 5422   84.45086   85.59389  1.35%   262 3209s
  3302  2933   85.59256   33 5197   84.45086   85.59256  1.35%   262 3210s
  3304  2934   85.59118   36 5341   84.45086   85.59118  1.35%   262 3216s
  3305  2935   85.57072   32 5639   84.45086   85.57072  1.33%   262 3247s
  3306  2936   85.56096   49 5827   84.45086   85.56096  1.31%   261 3251s
  3309  2938   85.55849   20 5970   84.45086   85.55849  1.31%   261 3259s
  3310  2938   85.54024   10 5413   84.45086   85.54024  1.29%   261 3280s
  3311  2939   84.55605  279 5727   84.45086   85.53702  1.29%   261 3292s
  3313  2940   85.53574   54 5637   84.45086   85.53574  1.28%   261 3297s
  3314  2941   85.52471   11 5923   84.45086   85.52471  1.27%   261 3334s
  3315  2942   85.52286   11 6002   84.45086   85.52286  1.27%   261 3337s
  3316  2942   84.54609  295 6149   84.45086   85.52268  1.27%   261 3341s
  3317  2943   85.51501   58 5972   84.45086   85.51501  1.26%   261 3357s
  3318  2944   85.51008   40 6223   84.45086   85.51008  1.25%   261 3360s
  3319  2944   85.50569   14 6232   84.45086   85.50569  1.25%   260 3368s
  3320  2945   85.50548   19 6391   84.45086   85.50548  1.25%   260 3374s
  3321  2946   85.50095   27 5973   84.45086   85.50095  1.24%   260 3404s
  3322  2946   84.47612  287 6054   84.45086   85.49987  1.24%   260 3406s
  3324  2948   85.49813   30 6026   84.45086   85.49813  1.24%   260 3410s
  3325  2948   85.49802    5 6266   84.45086   85.49802  1.24%   260 3415s
  3326  2949   85.49310   31 6247   84.45086   85.49310  1.23%   260 3429s
  3327  2950   85.49254   32 6287   84.45086   85.49254  1.23%   260 3431s
  3328  2950   85.49240   27 6226   84.45086   85.49240  1.23%   260 3437s
  3329  2951   85.49021   20 6428   84.45086   85.49021  1.23%   260 3640s
  3331  2952   85.48925   15 6428   84.45086   85.48925  1.23%   259 3649s
  3332  2953   85.47655   92 5581   84.45086   85.47655  1.21%   259 3682s
  3333  2954   85.47417   23 5609   84.45086   85.47417  1.21%   259 3685s
  3334  2954   85.47388   39 5767   84.45086   85.47388  1.21%   259 3710s
  3335  2955   85.46561   38 5630   84.45086   85.46561  1.20%   259 3740s
  3338  2957   85.46329   55 6096   84.45086   85.46329  1.20%   259 3771s
  3339  2958   85.45208   31 6141   84.45086   85.45208  1.19%   259 3783s
  3340  2958   85.45017   21 5729   84.45086   85.45017  1.18%   259 3785s
  3342  2960   85.44945   26 6213   84.45086   85.44945  1.18%   259 3791s
  3343  2960   85.44112   49 5880   84.45086   85.44112  1.17%   259 3803s
  3344  2961   84.75131  285 5731   84.45086   85.44001  1.17%   258 3806s
  3345  2962   84.61543  262 5892   84.45086   85.43989  1.17%   258 3810s
  3346  2962   85.43374   45 6275   84.45086   85.43374  1.16%   258 3820s
  3347  2963   84.45234  292 6290   84.45086   85.43357  1.16%   258 3825s
  3348  2964   85.43267   12 6363   84.45086   85.43267  1.16%   258 3838s
  3349  2964   85.43236   20 6377   84.45086   85.43236  1.16%   258 3849s
  3350  2965   85.42996   47 6321   84.45086   85.42996  1.16%   258 3858s
  3352  2966   85.42928   48 6283   84.45086   85.42928  1.16%   258 3864s
  3353  2967   85.42783   19 6510   84.45086   85.42783  1.16%   258 3872s
  3355  2968   85.42692   53 6489   84.45086   85.42692  1.16%   258 3878s
  3356  2969   85.42532   24 6423   84.45086   85.42532  1.15%   258 3893s
  3359  2972   85.42532    8 6132   84.45086   85.42532  1.15%   303 3896s
  3361  2973   84.65409  258 1324   84.45086   85.42532  1.15%   303 3921s
  3362  2974   85.42532   25 2439   84.45086   85.42532  1.15%   302 3935s
  3363  2975   85.40969   46 2525   84.45086   85.40969  1.14%   302 3942s
  3364  2975   85.40969   19 3966   84.45086   85.40969  1.14%   302 3954s
  3365  2976   84.55680  295 4437   84.45086   85.40969  1.14%   302 3971s
  3366  2977   85.40969   29 4508   84.45086   85.40969  1.14%   302 3977s
  3367  2977   85.40969   16 4728   84.45086   85.40969  1.14%   302 3984s
  3368  2978   84.61089  318 5137   84.45086   85.40798  1.13%   302 3989s
  3369  2979   85.40686   12 5013   84.45086   85.40686  1.13%   302 3994s
  3370  2979   85.40669   38 5375   84.45086   85.40669  1.13%   302 4002s
  3371  2980   85.37939   26 5241   84.45086   85.37939  1.10%   302 4017s
  3372  2981   85.37578   49 5228   84.45086   85.37578  1.10%   302 4024s
  3373  2981   85.37443   45 4768   84.45086   85.37443  1.09%   301 4031s
  3374  2982   85.37384   30 5096   84.45086   85.37384  1.09%   301 4040s
  3375  2983   85.37379   30 5289   84.45086   85.37379  1.09%   301 4051s
  3376  2983   85.36532   18 5408   84.45086   85.36532  1.08%   301 4076s
  3377  2984   85.36393   53 5561   84.45086   85.36393  1.08%   301 4082s
  3379  2985   85.36293   27 5492   84.45086   85.36293  1.08%   301 4087s
  3380  2986   85.35541   34 5746   84.45086   85.35541  1.07%   301 4109s
  3381  2987   85.35301   32 5470   84.45086   85.35301  1.07%   301 4128s
  3382  2987   84.65617  257 5553   84.45086   85.35272  1.07%   301 4132s
  3383  2988   85.34866   26 5654   84.45086   85.34866  1.06%   301 4147s
  3384  2989   85.34818   14 5799   84.45086   85.34818  1.06%   300 4150s
  3386  2990   84.46634  289 5791   84.45086   85.34612  1.06%   300 4190s
  3388  2991   85.34485   63 5739   84.45086   85.34485  1.06%   300 4197s
  3389  2992   85.34350   19 5963   84.45086   85.34350  1.06%   300 4235s
  3390  2993   85.34331   12 5968   84.45086   85.34331  1.06%   300 4241s
  3391  2993   85.34195   53 5939   84.45086   85.34195  1.06%   300 4250s
  3392  2994   85.34176   24 6035   84.45086   85.34176  1.05%   300 4270s
  3393  2995   85.34043   28 5581   84.45086   85.34043  1.05%   300 4283s
  3394  2995   85.34032   44 5700   84.45086   85.34032  1.05%   300 4289s
  3395  2996   85.33975   26 5822   84.45086   85.33975  1.05%   299 4295s
  3396  2997   85.33971   40 5822   84.45086   85.33971  1.05%   299 4302s
  3397  2997   85.33971   31 5822   84.45086   85.33971  1.05%   299 4341s
  3398  3001   85.24926   28 5758   84.45086   85.33938  1.05%   320 4361s
  3400  3004   85.22251   29 5410   84.45086   85.24914  0.95%   321 4369s
  3404  3011   85.18881   30 5015   84.45086   85.22050  0.91%   324 4392s
  3412  3018   85.17628   31 4561   84.45086   85.18861  0.87%   328 4409s
  3424  3036   85.12680   32 4286   84.45086   85.17601  0.86%   333 4431s
  3450  3045   85.11629   33 4504   84.45086   85.11629  0.79%   338 4449s
  3477  3043   85.09226   34 4152   84.45086   85.11316  0.78%   344 4468s
  3490  3047   84.79380   34 3916   84.45086   85.09225  0.76%   347 4485s
  3506  3054   85.07160   35 3909   84.45086   85.07160  0.74%   350 4503s
  3524  3054   85.04332   36 3347   84.45086   85.04332  0.70%   354 4527s
  3547  3051   85.02185   37 3147   84.45086   85.03641  0.69%   359 4544s
  3565  3052   84.71442   37 3615   84.45086   85.01730  0.67%   362 4560s
  3584  3055   85.01421   39 2801   84.45086   85.01657  0.67%   365 4574s
  3601  3064   84.72100   39 3875   84.45086   85.01415  0.67%   368 4591s
  3618  3063   84.99517   40 3330   84.45086   85.01415  0.67%   372 4605s
  3646  3061   84.72837   40 3957   84.45086   84.99508  0.64%   376 4618s
  3660  3072   84.97757   41 3324   84.45086   84.99486  0.64%   379 4631s
  3684  3084   84.65586   41 1931   84.45086   84.97751  0.62%   384 4643s
  3716  3093   84.95985   42 2733   84.45086   84.97751  0.62%   387 4652s
  3750  3099   84.66402   42 1862   84.45086   84.95980  0.60%   390 4662s
  3785  3106   84.95676   43 2273   84.45086   84.95676  0.60%   390 4670s
  3834  3100   84.93573   44 2350   84.45086   84.94594  0.59%   390 4679s
  3890  3087   84.92564   45 2045   84.45086   84.94594  0.59%   389 4691s
  3920  3092   84.60249   45 2342   84.45086   84.92560  0.56%   392 4704s
  3966  3086   84.91272   46 2130   84.45086   84.91780  0.55%   392 4715s
  4021  3072   84.57954   48 1524   84.45086   84.91780  0.55%   392 4730s
  4070  3072   84.78087   53 2023   84.45086   84.87287  0.50%   397 4742s
  4130  3063   84.71945   59  722   84.45086   84.87287  0.50%   398 4754s
  4196  3037   84.47456   65  673   84.45086   84.87253  0.50%   399 4768s
  4269  3058   84.63357   73  614   84.45086   84.79140  0.40%   402 4782s
  4362  3036     cutoff   81        84.45086   84.79140  0.40%   399 4801s
  4441  3021   84.55151   90  499   84.45086   84.76210  0.37%   405 4820s
  4518  3002   84.48769  100  228   84.45086   84.76210  0.37%   407 4839s
  4585  2990     cutoff  110        84.45086   84.76210  0.37%   409 4861s
  4665  2978     cutoff  123        84.45086   84.76210  0.37%   411 4879s
  4732  2950     cutoff   44        84.45086   84.71421  0.31%   415 4899s
  4779  2926     cutoff   38        84.45086   84.70242  0.30%   422 4917s
  4804  2894   84.55631   39 4723   84.45086   84.69961  0.29%   429 4938s
  4853  2874     cutoff   40        84.45086   84.69961  0.29%   436 4965s
  4912  2864   84.53268   58 2752   84.45086   84.67984  0.27%   442 4995s
  5009  2838   84.56467   66 2580   84.45086   84.66054  0.25%   442 5020s
  5098  2793     cutoff   82        84.45086   84.66054  0.25%   444 5052s
  5205  2758     cutoff   53        84.45086   84.64815  0.23%   448 5078s
  5264  2720 infeasible   66        84.45086   84.61191  0.19%   450 5104s
  5389  2577     cutoff   51        84.45086   84.59837  0.17%   453 5134s
  5581  2394     cutoff   91        84.45086   84.56782  0.14%   452 5161s
  5829  2187     cutoff   37        84.45086   84.53400  0.10%   445 5171s

Cutting planes:
  Gomory: 12
  Cover: 199
  Implied bound: 135
  Projected implied bound: 207
  Clique: 6
  MIR: 381
  Mixing: 1
  Flow cover: 616
  GUB cover: 490
  Inf proof: 4
  Zero half: 1
  RLT: 30
  Relax-and-lift: 150

Explored 6013 nodes (2767238 simplex iterations) in 5172.20 seconds (1894.33 work units)
Thread count was 12 (of 12 available processors)

Solution count 2: 84.4509 74.585 

Optimal solution found (tolerance 1.00e-04)
Best objective 8.445085737741e+01, best bound 8.445085737741e+01, gap 0.0000%
